1.000000e+00 -1.822835e-10 5.241111e-10 -5.551115e-17 -1.822835e-10 9.999999e-01 -5.072855e-10 -3.330669e-16 5.241111e-10 -5.072855e-10 9.999999e-01 2.220446e-16
0.80233 -0.00051 -0.59688 0.70709 -0.10627 0.9839 -0.14369 0.15293 0.58735 0.17871 0.78936 0.63399
0.11227 -0.11378 -0.98714 0.90377 -0.33358 0.93145 -0.14531 0.10134 0.93602 0.3456 0.06662 1.57562
-0.68558 -0.33355 -0.64708 0.3283 -0.38902 0.91917 -0.06165 -0.01338 0.61533 0.20945 -0.75994 2.34013
-0.70115 -0.48796 -0.51988 -0.57525 -0.50295 0.8553 -0.12446 -0.33971 0.50538 0.17419 -0.84513 2.32047
-0.82364 -0.45169 0.34291 -1.49252 -0.45156 0.88815 0.08529 -0.57498 -0.3431 -0.08461 -0.93548 2.17115
-0.24768 0.33573 0.90881 -1.96364 -0.07642 0.92834 -0.36378 -0.19486 -0.96583 -0.15955 -0.20426 1.4615
0.37989 0.51752 0.76672 -1.49762 -0.34151 0.84877 -0.40368 -0.2763 -0.85967 -0.10847 0.49919 0.65209
0.47231 0.61246 0.63389 -0.71885 -0.49118 0.78002 -0.38767 -0.68371 -0.73187 -0.12825 0.66925 0.34815
0.67507 0.72617 0.13026 0.07219 -0.71933 0.68708 -0.10233 -1.15909 -0.1638 -0.02461 0.98618 0.23772
0.44723 0.64646 -0.61812 0.75094 -0.58934 0.73283 0.34003 -1.56432 0.6728 0.21221 0.70873 0.72854
-0.08879 0.49826 -0.86246 0.79209 -0.28997 0.81544 0.50095 -1.61725 0.9529 0.29457 0.07208 1.64926
-0.40898 0.48646 -0.77206 0.11842 -0.44198 0.63459 0.63398 -2.16821 0.79836 0.60053 -0.04452 2.03204
-0.80659 0.37903 -0.45358 -0.49767 -0.00852 0.75979 0.6501 -1.95638 0.59105 0.52824 -0.60962 2.6298
-0.92975 0.36511 0.04733 -1.22047 0.3551 0.85534 0.37719 -1.41805 0.09724 0.36751 -0.92493 2.75672
-0.95219 0.25017 0.17531 -1.8232 0.28778 0.92716 0.23986 -0.92465 -0.10254 0.27885 -0.95485 2.28897
-0.58647 0.36204 0.72454 -2.29212 0.30713 0.92713 -0.2147 -0.41721 -0.74948 0.09661 -0.65494 1.70537
0.2858 0.74978 0.59677 -2.0505 0.15463 0.57848 -0.8009 0.02429 -0.94573 0.32117 0.04939 0.95808
-0.06489 -0.46189 0.88455 -1.30943 -0.40635 -0.79736 -0.4462 -0.18559 0.91141 -0.38839 -0.13595 0.49817
0.63007 -0.26116 0.7313 -0.92557 -0.55095 -0.81401 0.18396 -0.87158 0.54724 -0.51882 -0.65677 0.91966
0.91749 -0.07891 0.38985 -0.09155 -0.27474 -0.83452 0.47759 -1.18505 0.28765 -0.54529 -0.78733 0.87289
-0.6309 0.24408 0.73646 0.69655 0.43644 0.89645 0.07675 -1.26402 -0.64147 0.36985 -0.67209 0.47218
-0.08332 0.38301 0.91997 0.75756 0.31871 0.88493 -0.33957 -0.79683 -0.94417 0.26491 -0.1958 -0.2721
0.24089 0.49311 0.83594 1.26372 0.04986 0.85388 -0.51807 -0.70655 -0.96925 0.16648 0.1811 -0.97927
0.47764 0.64727 0.59405 1.87575 -0.4081 0.76224 -0.50243 -0.9859 -0.77801 -0.00245 0.62822 -1.52965
0.69759 0.71594 -0.02798 2.62378 -0.70332 0.67677 -0.21753 -1.39683 -0.1368 0.17142 0.97564 -1.659
0.46119 0.66063 -0.59232 3.16086 -0.72798 0.66339 0.1731 -1.84527 0.50729 0.35136 0.78686 -1.16397
-0.22517 0.45856 -0.85966 3.22943 -0.41916 0.75089 0.51035 -2.07937 0.87952 0.47524 0.02312 -0.3415
-0.8228 0.29033 -0.48855 2.70343 0.02139 0.87485 0.48392 -1.92429 0.5679 0.3877 -0.72603 0.27743
-0.36333 0.06118 -0.92964 3.52331 -0.13677 0.98353 0.11821 -1.94473 0.92153 0.17008 -0.34897 0.3599
-0.66613 -0.12969 -0.73445 2.80864 -0.278 0.95698 0.08318 -1.96782 0.69206 0.25957 -0.67351 0.74982
-0.96156 -0.17993 -0.20736 2.01986 -0.19424 0.97965 0.05079 -1.897 0.19401 0.0891 -0.97691 0.8386
-0.75887 -0.40505 0.50992 1.33404 -0.36863 0.91271 0.17633 -2.01387 -0.5368 -0.05417 -0.84193 0.45817
-0.10014 -0.26514 0.95897 1.10874 -0.24702 0.94031 0.23416 -2.01877 -0.96378 -0.21345 -0.15966 -0.29428
0.35859 -0.13935 0.92301 1.50321 -0.18192 0.95942 0.21551 -1.90459 -0.91555 -0.24521 0.31868 -0.94831
0.84607 0.02274 0.53254 2.15546 -0.11736 0.98254 0.14447 -1.78338 -0.51994 -0.18475 0.83393 -1.3333
0.89996 0.26608 0.3453 2.90749 -0.32318 0.93888 0.11878 -1.74607 -0.29257 -0.2185 0.9309 -1.22641
0.85693 0.20987 -0.47072 3.60214 -0.18801 0.97772 0.09368 -1.69577 0.47986 0.00821 0.87726 -0.96296
0.42785 0.27093 -0.86225 3.86095 -0.342 0.93163 0.12305 -1.76097 0.83661 0.24222 0.49124 -0.27477
0.03278 0.14687 -0.98858 3.71639 -0.2425 0.96077 0.13471 -1.71532 0.96956 0.2353 0.06712 0.43763
-0.73355 -0.0645 -0.67653 3.27573 -0.1113 0.99347 0.02597 -1.60802 0.67042 0.09434 -0.7359 1.02532
-0.97585 -0.19588 -0.09635 2.58717 -0.19274 0.98042 -0.04093 -1.55647 0.10248 -0.02138 -0.99446 1.04224
-0.71 -0.01637 0.70397 2.03138 -0.18321 0.96961 -0.16224 -1.48217 -0.67989 -0.24417 -0.6914 0.63412
-0.80104 -0.03231 0.59769 2.08856 -0.22507 0.94154 -0.25077 -1.33381 -0.55461 -0.3354 -0.76145 1.3041
-0.53378 0.78239 0.32076 2.18242 0.3505 0.54992 -0.75814 -0.71737 -0.76952 -0.29226 -0.56773 1.04036
-0.5288 0.76935 0.35834 2.1095 0.15762 0.5039 -0.84928 -0.83659 -0.83392 -0.39263 -0.3877 0.39214
-0.20153 0.86095 0.46699 2.11441 -0.51524 0.3123 -0.79814 -1.06212 -0.83295 -0.40147 0.38066 -0.22074
0.15534 0.96073 0.22976 2.34125 -0.96806 0.1944 -0.15842 -1.5892 -0.19682 -0.19784 0.96022 -0.49894
0.05416 0.99517 0.08155 2.53233 -0.98161 0.03806 0.18716 -2.11932 0.18319 -0.09021 0.97888 -0.20078
-0.1449 0.94788 0.28367 2.36104 -0.66255 0.11996 -0.73937 -1.73659 -0.73481 -0.2951 0.61064 -0.69759
-0.33578 0.79662 0.5026 2.2088 -0.94194 -0.28268 -0.1813 -2.31863 -0.00231 -0.53429 0.84524 -0.76977
-0.20055 0.82964 0.521 2.30628 -0.89244 -0.37413 0.25218 -2.82948 0.40416 -0.41439 0.81538 -0.47197
0.10556 0.92044 0.37632 2.48889 -0.37606 -0.31341 0.872 -3.14934 0.92053 -0.23357 0.313 -0.01727
0.27974 0.95965 0.02803 2.79221 0.29643 -0.11412 0.94823 -3.01594 0.91311 -0.25696 -0.31641 0.44499
0.09428 0.92182 -0.37593 3.01366 0.91308 0.0704 0.4017 -2.56661 0.39672 -0.38115 -0.83502 0.66788
-0.31391 0.8019 -0.50831 3.02296 0.88497 0.05315 -0.46263 -2.07231 -0.34397 -0.59508 -0.72628 0.48496
-0.52303 0.72693 -0.44492 2.79571 0.67691 0.03707 -0.73514 -1.89162 -0.51789 -0.68569 -0.5114 0.06862
-0.65032 0.57682 -0.49429 2.45193 0.63831 0.06209 -0.7673 -1.86859 -0.41188 -0.81449 -0.4085 -0.27049
-0.85199 0.52313 0.0199 2.14125 -0.12306 -0.16321 -0.9789 -1.88412 -0.50879 -0.83645 0.20346 -0.61479
-0.66516 0.52607 0.52985 1.90699 -0.73894 -0.36184 -0.5684 -2.21859 -0.10723 -0.76959 0.6294 -0.77744
-0.14447 0.65949 0.73766 1.89032 -0.87738 -0.43012 0.21269 -2.63193 0.45758 -0.61648 0.6407 -0.69447
0.51207 0.79949 0.31389 2.14024 -0.44654 -0.06441 0.89246 -2.87199 0.73371 -0.59719 0.32395 -0.49958
0.58378 0.66962 -0.45906 2.44362 0.40947 0.2454 0.87872 -2.77574 0.701 -0.70098 -0.13095 -0.30613
-0.70378 -0.71035 -0.00414 2.54127 0.05002 -0.05535 0.99723 -2.4382 -0.70857 0.70165 0.07443 -0.21372
0.66339 0.4594 -0.59059 2.30858 0.26949 0.58964 0.76141 -2.23474 0.69797 -0.66429 0.26734 -0.2533
0.13513 0.32581 -0.93569 2.36199 0.62577 0.70414 0.33559 -1.99317 0.76816 -0.6309 -0.1087 -0.08509
-0.54982 0.14037 -0.82336 2.23129 0.57968 0.77389 -0.25511 -1.77922 0.60138 -0.61757 -0.50683 0.03034
-0.74604 0.05262 -0.66376 1.98403 0.46002 0.76152 -0.45662 -1.67626 0.48144 -0.64601 -0.59228 0.03183
-0.99733 -0.0147 0.07097 1.73165 -0.06547 0.6021 -0.79575 -1.62609 -0.031 -0.79827 -0.60143 -0.01544
-0.85618 -0.03394 0.51549 1.55189 -0.46687 0.47802 -0.74402 -1.75213 -0.22112 -0.87767 -0.4251 -0.15439
-0.1735 0.24045 0.95499 1.48197 -0.88263 0.39224 -0.25914 -1.9295 -0.43686 -0.88785 0.14416 -0.3283
0.6409 0.47648 0.60178 1.63173 -0.7658 0.45106 0.4584 -2.11999 -0.05302 -0.75464 0.65393 -0.44065
0.84765 0.48942 -0.2047 1.86602 -0.19527 0.64661 0.73743 -2.15215 0.49324 -0.58511 0.64363 -0.38987
0.40349 0.36001 -0.84115 2.01166 0.33071 0.79981 0.50098 -2.03162 0.85307 -0.48032 0.20366 -0.22346
-0.2936 0.11309 -0.94919 1.96808 0.58351 0.80774 -0.08423 -1.83082 0.75714 -0.57859 -0.30311 -0.07098
-0.88088 -0.10791 -0.46084 1.76916 0.19862 0.79955 -0.56684 -1.71917 0.42962 -0.59083 -0.68283 0.00216
-0.9544 -0.143 0.26199 1.52891 -0.28906 0.6615 -0.69201 -1.7371 -0.07431 -0.73616 -0.67265 -0.06161
-0.49913 -0.02431 0.86617 1.39209 -0.74354 0.52536 -0.41373 -1.87109 -0.44496 -0.8505 -0.2803 -0.22217
0.26864 0.19978 0.94227 1.44468 -0.86014 0.49013 0.1413 -2.05015 -0.43358 -0.84843 0.30348 -0.39641
0.78283 0.35904 0.50816 1.66525 -0.61758 0.54807 0.56412 -2.16236 -0.07596 -0.75543 0.65074 -0.46858
0.84287 0.46514 -0.27054 1.91977 -0.11967 0.6522 0.74855 -2.1647 0.52459 -0.59855 0.60535 -0.39815
0.85393 0.44338 -0.27238 2.05768 -0.09292 0.64493 0.75858 -2.01655 0.51197 -0.62246 0.59189 -0.24056
0.53604 0.40869 -0.73865 2.19265 0.24828 0.75997 0.60068 -1.87874 0.8068 -0.50538 0.3059 -0.06424
-0.4131 0.30164 -0.85927 2.17484 0.37291 0.91685 0.1426 -1.72376 0.8308 -0.26153 -0.4912 0.153
-0.89767 0.34007 -0.28022 2.08367 -0.17605 0.30613 0.93557 -1.943 0.40395 0.88912 -0.21494 0.27602
-0.92288 0.32701 0.2033 1.87502 0.34485 0.4669 0.8143 -1.7923 0.17138 0.82156 -0.54366 0.36649
-0.78179 0.36785 0.50347 1.7411 0.61867 0.55846 0.55259 -1.53803 -0.07789 0.74344 -0.66417 0.34773
-0.96299 0.26135 0.06579 1.7607 0.14639 0.30218 0.94194 -1.83085 0.2263 0.91667 -0.32926 0.41404
-0.67424 0.30646 0.67191 1.57432 0.71743 0.48773 0.49741 -1.59315 -0.17526 0.81738 -0.54872 0.44791
-0.51681 0.33636 0.78725 1.57085 0.77818 0.56793 0.26815 -1.28986 -0.35689 0.75115 -0.55525 0.32648
0.18582 0.23849 0.9532 1.57736 0.36927 0.88202 -0.2927 -1.06333 -0.91052 0.40634 0.07581 0.0693
0.74048 0.39195 0.54596 1.87179 0.06964 0.76319 -0.6424 -0.96168 -0.66844 0.51366 0.53782 -0.11079
0.88803 0.4382 -0.13919 2.25182 -0.41001 0.61768 -0.67109 -1.04545 -0.20809 0.65297 0.72818 -0.11908
0.38614 0.11111 -0.91571 2.51418 -0.80168 0.5315 -0.27353 -1.25457 0.45631 0.83969 0.29431 0.09767
0.0988 0.03152 -0.9946 2.39086 -0.89752 0.43446 -0.07536 -1.55086 0.42975 0.90009 0.07123 0.35265
-0.43395 -0.13332 -0.891 2.14377 -0.85039 0.38714 0.35628 -1.82977 0.29747 0.91229 -0.28137 0.56313
-0.86302 -0.31299 -0.39648 1.73689 -0.50063 0.42563 0.75379 -1.98006 -0.06714 0.84901 -0.52403 0.63342
-0.89219 -0.43564 0.11903 1.307 -0.12982 0.49989 0.8563 -1.9022 -0.43251 0.74852 -0.50257 0.49691
-0.34991 -0.52171 0.77804 1.02068 0.41574 0.65782 0.62804 -1.67956 -0.83944 0.5432 -0.01331 0.20819
0.20699 -0.37594 0.90321 1.10218 0.62497 0.76111 0.17355 -1.28814 -0.75269 0.52853 0.39246 -0.04696
0.70583 -0.19987 0.67958 1.44828 0.50136 0.81868 -0.27997 -0.96379 -0.50042 0.5383 0.67802 -0.16803
0.99284 -0.10218 0.06159 1.91688 0.11634 0.71523 -0.68913 -0.79476 0.02634 0.69134 0.72198 -0.07482
0.80735 -0.18859 -0.55908 2.3011 -0.38167 0.5557 -0.73859 -0.90554 0.44995 0.80967 0.37668 0.26779
0.2268 -0.36372 -0.90345 2.39124 -0.82445 0.42216 -0.37691 -1.23946 0.51847 0.83031 -0.20411 0.65071
-0.42113 -0.55805 -0.71497 2.1221 -0.8924 0.39581 0.21671 -1.64679 0.16207 0.72929 -0.66466 0.86744
-0.74355 -0.65841 -0.11658 1.63084 -0.54326 0.49322 0.67941 -1.88217 -0.38981 0.5685 -0.7244 0.76978
-0.54363 -0.60297 0.58383 1.20692 0.05722 0.66737 0.74252 -1.79458 -0.83732 0.43706 -0.32831 0.40391
-0.00183 -0.42462 0.90535 1.12463 0.49339 0.78711 0.37015 -1.39909 -0.86977 0.44736 0.20804 -0.01002
0.37936 0.67392 0.63394 1.39983 -0.30168 -0.55763 0.77331 -0.92469 0.87464 -0.48461 -0.00825 -0.20864
0.65456 0.75598 -0.00484 1.90267 0.4141 -0.35318 0.83891 -0.81634 0.63246 -0.55112 -0.54422 0.11194
0.45056 0.68484 -0.57268 2.28392 0.87795 -0.22369 0.42325 -0.35088 0.16173 -0.69347 -0.70203 0.09642
-0.22284 0.31167 -0.92367 2.39209 0.81999 -0.45248 -0.3505 0.1346 -0.52719 -0.83549 -0.15472 -0.27448
-0.83475 0.14354 -0.53157 1.95238 0.34489 -0.61627 -0.70799 0.29242 -0.42919 -0.77429 0.46494 -0.69963
-0.95379 0.13638 0.26766 1.36624 -0.26708 -0.79283 -0.54779 0.06164 0.13752 -0.59394 0.79261 -0.81307
-0.4467 0.28642 0.84758 1.05028 -0.51496 -0.85702 0.0182 -0.41093 0.7316 -0.42832 0.5303 -0.48774
0.32595 0.50872 0.79683 1.25197 -0.26256 -0.761 0.59323 -0.7767 0.90815 -0.40255 -0.11449 0.02711
0.75337 0.62139 0.21514 1.84436 0.28649 -0.60467 0.74316 -0.74841 0.59185 -0.49822 -0.63355 0.36449
0.50706 0.52389 -0.6844 2.41006 0.84592 -0.45466 0.27872 -0.36411 -0.16515 -0.72025 -0.6737 0.29123
-0.00749 -0.43561 -0.90009 2.59146 0.47042 -0.79583 0.38125 -0.31439 -0.88237 -0.42054 0.21086 -0.37483
-0.68777 -0.61151 -0.39117 2.09943 0.63877 -0.76581 0.07411 -0.04113 -0.34488 -0.19888 0.91728 -0.78736
-0.73078 -0.6022 0.32142 1.47342 0.563 -0.79798 -0.21506 0.19384 0.38597 0.02381 0.92215 -0.56702
-0.08562 -0.25586 0.96291 1.12697 0.13287 -0.96075 -0.2435 0.19114 0.98738 0.1071 0.11625 0.06622
0.69537 -0.03648 0.71772 1.50693 -0.03274 -0.99927 -0.0191 -0.02312 0.71786 -0.01021 -0.69603 0.66269
0.01272 -0.41373 0.91031 0.83514 0.24526 -0.88127 -0.40398 0.28469 0.96932 0.22839 0.09025 0.64956
0.65105 -0.23669 0.72119 1.22551 -0.01476 -0.95389 -0.29977 0.09437 0.75885 0.18452 -0.62449 1.24437
0.58302 -0.48708 0.65025 0.78874 -0.18496 -0.85889 -0.47756 0.66758 0.79107 0.15816 -0.59082 1.14266
0.60386 -0.45601 0.65376 0.89941 -0.79621 -0.38369 0.46777 -0.04929 0.03753 -0.80296 -0.59475 1.22993
0.92592 -0.35869 0.1183 1.47277 -0.20997 -0.2284 0.95065 -0.30386 -0.31396 -0.90503 -0.28678 0.84129
0.88576 -0.46318 0.02958 1.8696 -0.16953 -0.26347 0.94964 -0.02006 -0.43204 -0.84614 -0.31189 0.29689
-0.82024 0.57196 0.00678 2.21312 0.41752 0.59051 0.69062 0.28947 0.391 0.56929 -0.72314 -0.28564
-0.62016 0.63156 0.4653 1.86393 0.73313 0.67767 0.05724 0.93992 -0.27916 0.37661 -0.88325 -0.34338
-0.5303 0.6308 0.56643 1.79988 0.64399 0.73424 -0.21484 1.41762 -0.55141 0.25083 -0.79557 -0.88522
0.02454 0.7554 0.65479 1.85574 0.08042 0.65135 -0.7545 1.7431 -0.99641 0.07117 -0.04476 -1.54194
0.23874 0.81885 0.52197 2.29462 -0.21494 0.56871 -0.79395 1.5102 -0.94695 0.07735 0.31177 -2.089
0.51835 0.81762 0.25055 2.86818 -0.47309 0.5182 -0.7125 1.15519 -0.71236 0.25079 0.6554 -2.39716
0.32219 0.81612 -0.47969 3.36587 -0.93425 0.35595 -0.0218 0.61396 0.15294 0.45517 0.87712 -2.43538
-0.19388 0.66847 -0.718 3.42674 -0.68966 0.42759 0.5844 0.15878 0.69765 0.60847 0.37811 -1.85917
-0.69567 0.49328 -0.52218 2.99613 -0.3197 0.43829 0.84004 0.06765 0.64323 0.75133 -0.14721 -1.26942
-0.88484 0.45761 0.08719 2.45133 0.39655 0.64153 0.65664 0.37998 0.24455 0.61559 -0.74911 -0.87596
-0.22696 0.96868 0.10051 2.34967 0.88162 0.24815 -0.40144 1.11419 -0.41381 -0.0025 -0.91033 -0.83098
-0.15467 0.9877 0.02191 2.43725 0.32496 0.07174 -0.94299 1.42744 -0.93296 -0.13872 -0.33207 -1.49581
-0.20784 0.97359 -0.09429 2.51283 -0.69195 -0.21453 -0.68932 1.15023 -0.69134 -0.07801 0.71826 -2.18221
0.1452 -0.96075 0.23631 2.59241 0.41645 -0.15724 -0.89544 0.40951 0.89746 0.22841 0.37728 -2.20298
0.34719 -0.9039 0.24976 2.64205 -0.31739 -0.36382 -0.87571 0.16858 0.88244 0.22475 -0.4132 -1.49487
0.50552 -0.85867 0.08415 2.81589 -0.82778 -0.51014 -0.23347 -0.48904 0.24343 0.04835 -0.96868 -1.18784
0.51345 -0.62133 -0.59184 3.19522 -0.24053 -0.76623 0.59584 -1.05843 -0.82368 -0.16359 -0.54289 -1.51403
0.41477 -0.6558 -0.63075 3.097 -0.14706 -0.73236 0.66484 -0.99995 -0.89792 -0.183 -0.40023 -2.2611
-0.18302 -0.84528 -0.50195 2.83889 0.3448 -0.53329 0.77247 -0.92539 -0.92065 -0.03171 0.38904 -2.96865
-0.39087 -0.91762 -0.07176 2.36603 0.83387 -0.38597 0.39457 -0.41825 -0.38978 0.09436 0.91603 -3.2899
-0.26756 -0.86523 0.42396 1.95339 0.89141 -0.38927 -0.23206 0.17192 0.36581 0.31581 0.87544 -3.02359
0.19049 -0.72814 0.6584 1.87366 0.46794 -0.52218 -0.71298 0.4837 0.86296 0.44389 0.24126 -2.31774
0.69521 -0.54847 0.46456 2.30766 0.10768 -0.55947 -0.82182 0.39273 0.71066 0.62135 -0.32988 -1.67645
0.61123 -0.49632 0.61646 1.70226 0.30723 -0.56896 -0.76282 0.79049 0.72935 0.65564 -0.19525 -1.96829
0.78881 -0.43303 0.43615 2.29956 0.07668 -0.63467 -0.76897 0.48529 0.60981 0.64 -0.4674 -1.55406
0.70838 -0.70528 -0.02698 2.72863 -0.70585 -0.70763 -0.03206 -0.10878 0.00354 0.04175 -0.99909 -1.24533
0.46406 -0.7852 -0.40996 3.00151 -0.35868 -0.58969 0.72361 -0.66429 -0.8099 -0.18875 -0.5553 -1.77109
0.23079 -0.85028 -0.47298 2.92897 0.0928 -0.4646 0.88064 -0.58699 -0.96853 -0.24712 -0.02835 -2.54511
-0.12285 -0.95174 -0.28119 2.66256 0.74623 -0.27531 0.60608 -0.15327 -0.65426 -0.13538 0.74402 -3.15735
-0.25639 -0.95353 0.15814 2.23924 0.96051 -0.2696 -0.06877 0.53707 0.10818 0.13426 0.98499 -3.16288
0.02691 -0.86124 0.50747 1.99799 0.6016 -0.39141 -0.69632 1.01711 0.7983 0.32403 0.5076 -2.5395
0.46113 -0.7423 0.48614 2.14332 -0.05132 -0.56921 -0.82058 0.93505 0.88583 0.35344 -0.30055 -1.75595
0.72907 -0.66702 0.15337 2.54944 -0.56972 -0.71555 -0.40421 0.35896 0.37938 0.20732 -0.90168 -1.33199
0.80609 -0.58731 0.07262 2.58439 -0.0814 -0.23148 -0.96943 1.16823 0.58617 0.7755 -0.23437 -1.18221
0.76258 -0.64631 -0.02713 2.92707 -0.20527 -0.2019 -0.95766 0.53577 0.61347 0.73583 -0.28659 -0.77332
0.57044 -0.69339 -0.44022 3.26318 -0.80482 -0.36476 -0.46821 -0.13933 0.1641 0.62137 -0.7661 -0.44393
0.05793 -0.85137 -0.52135 3.22392 -0.84128 -0.32275 0.43369 -0.9474 -0.53745 0.41347 -0.73493 -0.64508
-0.24025 -0.93814 -0.24934 2.84942 -0.29054 -0.17552 0.94063 -1.25622 -0.92617 0.29841 -0.23042 -1.27713
-0.27718 -0.93029 0.24027 2.40888 0.51704 0.06643 0.85339 -0.95782 -0.80984 0.36075 0.46254 -1.87613
0.01792 -0.89805 0.43952 2.29657 0.87197 0.2292 0.43261 -0.19908 -0.48925 0.37546 0.78714 -2.08902
0.34098 -0.71674 0.60828 2.27251 0.84611 -0.04791 -0.53087 0.53501 0.40961 0.69565 0.59011 -1.83795
-0.28139 0.05132 0.95822 1.59455 0.63348 -0.74015 0.22559 0.28341 0.72075 0.67049 0.17577 -1.54156
0.08384 0.14579 0.98575 1.92677 0.75162 -0.65876 0.03343 0.72541 0.6542 0.73811 -0.16479 -0.97774
0.91065 0.30833 0.27501 2.48962 0.35005 -0.92935 -0.11748 0.84197 0.21936 0.20329 -0.9542 -0.48177
0.7803 0.23052 -0.58135 3.18055 0.20126 -0.97272 -0.11544 0.81134 -0.59208 -0.02688 -0.8054 -0.80722
0.12752 0.08472 -0.9882 3.35271 0.1806 -0.98169 -0.06078 0.73226 -0.97523 -0.17067 -0.1405 -1.54
-0.62392 -0.12261 -0.77179 2.94984 0.22446 -0.97413 -0.02661 0.69132 -0.74856 -0.1898 0.63527 -2.15963
-0.94335 -0.28871 -0.16344 2.22963 0.30004 -0.95271 -0.04846 0.70817 -0.14175 -0.09473 0.98533 -2.27796
-0.70716 -0.22097 0.67162 1.61891 0.25416 -0.96587 -0.05027 0.69808 0.65976 0.13517 0.73919 -1.89812
-0.11593 -0.07924 0.99008 1.53902 0.26195 -0.96398 -0.04656 0.68843 0.95807 0.25396 0.13253 -1.1934
0.56288 0.11484 0.81851 1.9239 0.24785 -0.9682 -0.03468 0.67015 0.78847 0.22241 -0.57341 -0.61496
-0.6629 0.34466 0.66463 1.28143 -0.29669 -0.93603 0.18936 0.46633 0.68737 -0.07163 0.72274 -0.76984
0.88598 -0.32873 0.32699 1.27683 0.31428 0.94432 0.09757 0.31423 -0.34085 0.01629 0.93996 -0.10225
0.96433 -0.22627 -0.1372 1.83823 0.20047 0.96324 -0.17894 0.59911 0.17266 0.14502 0.97423 0.14671
0.3973 -0.42278 -0.81448 2.20598 -0.15772 0.84295 -0.51439 0.76128 0.90403 0.33279 0.26821 0.68103
-0.23853 -0.601 -0.76279 1.98764 -0.5367 0.73628 -0.41218 0.57431 0.80934 0.31104 -0.49818 1.2687
-0.8376 -0.50947 0.19704 1.3934 -0.54619 0.78321 -0.29715 0.43958 -0.00295 -0.35653 -0.93425 1.48055
-0.36024 -0.37398 0.85458 1.02328 -0.6588 0.75064 0.05069 0.1681 -0.66043 -0.54474 -0.51677 1.03904
-0.78452 -0.61762 0.05515 0.89889 -0.61246 0.75806 -0.22428 0.28339 0.09671 -0.20974 -0.97294 1.65669
-0.3904 -0.36671 0.84443 0.49132 -0.56829 0.81767 0.09226 0.07913 -0.72428 -0.44388 -0.52759 1.28263
0.25932 0.44957 0.85475 0.48078 0.00673 0.88417 -0.46718 0.38648 -0.96575 0.12689 0.22628 0.7452
0.68542 0.63067 0.36386 0.95954 -0.47574 0.76618 -0.43208 0.26728 -0.55125 0.12304 0.8252 0.41474
0.6866 0.5797 -0.43873 1.4814 -0.68045 0.72502 -0.1067 0.00498 0.25625 0.37179 0.89223 0.52185
0.03852 0.3846 -0.92226 1.67226 -0.57399 0.76401 0.29473 -0.23162 0.81796 0.51801 0.25016 1.01716
-0.66712 0.18327 -0.72203 1.38939 -0.25287 0.85597 0.45101 -0.26801 0.70067 0.48345 -0.5247 1.50294
-0.97773 0.20171 0.05756 0.89731 0.20803 0.96814 0.13954 -0.06146 -0.0276 0.14841 -0.98853 1.66073
-0.99689 0.07829 -0.00381 1.29186 0.07808 0.99561 0.05188 -0.19209 0.00783 0.05143 -0.99863 2.025
-0.85301 0.01148 0.5217 0.89001 -0.05258 0.99278 -0.10798 -0.07245 -0.5192 -0.11955 -0.84624 1.67162
-0.1179 0.18724 0.97518 0.73859 -0.2566 0.94296 -0.21216 -0.0351 -0.95929 -0.27524 -0.06311 1.14671
0.65445 0.40392 0.63913 1.07152 -0.40352 0.90148 -0.15665 -0.0987 -0.63942 -0.15538 0.75298 0.70776
0.87386 0.46234 -0.15024 1.61044 -0.46722 0.88415 0.00376 -0.21495 0.13458 0.06691 0.98863 0.70927
0.3969 0.25908 -0.88051 1.96304 -0.34278 0.93177 0.11975 -0.27613 0.85146 0.25429 0.45861 1.13276
-0.39147 0.07168 -0.91737 1.82318 -0.29161 0.93591 0.19766 -0.30179 0.87274 0.34488 -0.34549 1.67363
-0.98938 0.02839 -0.1424 1.35721 0.04831 0.98929 -0.13782 -0.13498 0.13696 -0.14324 -0.98015 1.94651
-0.83155 -0.01224 0.55527 0.89738 -0.19469 0.94272 -0.27093 -0.08382 -0.52015 -0.33341 -0.78629 1.62906
-0.18161 0.14354 0.97281 0.75837 -0.43403 0.876 -0.21037 -0.16992 -0.88238 -0.46045 -0.09678 1.07981
0.60684 0.36619 0.70541 1.0834 -0.48654 0.87297 -0.03474 -0.30505 -0.6285 -0.32214 0.70794 0.60269
0.95671 0.25313 -0.14343 1.65751 -0.26544 0.96134 -0.07337 -0.27746 0.11934 0.10825 0.98691 0.55338
0.54899 0.13801 -0.82433 2.03574 -0.31981 0.94592 -0.05453 -0.29891 0.77224 0.29354 0.56341 0.99653
-0.2928 -0.33119 -0.89695 1.96312 -0.0833 0.9434 -0.32106 -0.15483 0.95251 -0.01933 -0.30383 1.5889
-0.12524 0.02074 -0.99188 2.3377 -0.3392 0.93865 0.06254 -0.60989 0.93232 0.34425 -0.11056 1.59191
-0.7789 -0.17092 -0.60337 1.87122 -0.29937 0.94678 0.1184 -0.63237 0.551 0.27281 -0.78862 2.01291
-0.95789 -0.23066 0.17086 1.25102 -0.21408 0.97064 0.10976 -0.59959 -0.19118 0.06852 -0.97914 1.97154
-0.46359 -0.04931 0.88465 0.85348 -0.12236 0.99246 -0.00888 -0.50755 -0.87754 -0.11239 -0.46609 1.48447
0.41049 0.23348 0.88143 1.01042 -0.10443 0.97234 -0.20902 -0.39027 -0.90582 -0.00627 0.42356 0.871
0.935 0.33558 0.11454 1.62925 -0.28462 0.90282 -0.32239 -0.35752 -0.21155 0.26882 0.93965 0.63188
0.28449 -0.04016 0.95782 1.10262 -0.52097 0.83229 0.18955 -0.47267 -0.80474 -0.55293 0.21588 0.22165
0.91375 0.12324 0.38708 1.68361 -0.26371 0.90488 0.3342 -0.52858 -0.30903 -0.40746 0.85932 -0.1658
0.80772 -0.19924 -0.55482 2.32617 0.19933 0.97806 -0.06088 -0.26504 0.5548 -0.06145 0.82969 -0.0208
0.14653 -0.37456 -0.91551 2.45784 -0.00607 0.92523 -0.37941 -0.05241 0.98918 0.06112 0.13327 0.6584
-0.62646 -0.59148 -0.50757 2.03621 -0.44413 0.80614 -0.39106 -0.10428 0.64047 -0.01961 -0.76771 1.25995
-0.75137 -0.59688 0.28127 1.34423 -0.64247 0.75896 -0.10601 -0.40366 -0.1502 -0.2604 -0.95373 1.22124
-0.56872 -0.52339 0.63448 0.97226 -0.62927 0.77367 0.07401 -0.66733 -0.52961 -0.35721 -0.76933 0.61797
-0.01465 -0.38499 0.92278 0.90421 -0.50221 0.80093 0.32608 -0.887 -0.8646 -0.45868 -0.20505 -0.12976
-0.69096 -0.2999 0.65771 0.44208 -0.5344 0.82462 -0.18556 -0.72488 -0.48672 -0.47973 -0.73002 0.47516
-0.55038 -0.30448 0.77739 0.35237 -0.64122 0.75048 -0.16016 -1.07162 -0.53465 -0.58665 -0.60824 -0.21893
0.27724 0.01556 0.96065 0.38133 -0.53816 0.83085 0.14176 -1.31877 -0.79592 -0.5563 0.23875 -0.9526
0.24182 0.12928 0.96164 -0.27374 -0.62862 0.77587 0.05366 -1.07736 -0.73915 -0.6175 0.26892 -0.59117
0.4767 0.19471 0.8572 0.37808 -0.60126 0.78364 0.15625 -1.27733 -0.64128 -0.5899 0.49066 -0.96927
0.93627 0.30819 0.1684 1.11032 -0.34989 0.86132 0.36841 -1.39502 -0.03145 -0.40387 0.91426 -1.17592
0.67351 -0.34614 -0.65309 1.72402 0.30189 0.93538 -0.18428 -1.00907 0.67469 -0.07309 0.73446 -0.93423
0.61988 -0.67859 0.39398 1.49771 0.75245 0.6565 -0.0534 -0.80974 -0.2224 0.32948 0.91758 -1.62409
0.76433 -0.63957 -0.08198 1.9231 0.37317 0.54258 -0.75259 -0.32061 0.52583 0.54457 0.65339 -1.2344
0.47572 -0.84835 -0.23229 1.96475 0.31153 0.4096 -0.85745 -0.29308 0.82257 0.33547 0.45915 -0.51117
-0.14955 -0.78767 0.59764 1.53121 0.96257 -0.25417 -0.0943 -0.00457 0.22614 0.56113 0.79623 -1.03229
0.40507 -0.64752 0.64544 1.6438 0.64482 -0.29806 -0.70385 0.43873 0.64813 0.70127 0.29686 -0.45335
0.80701 -0.52961 0.26117 2.06653 -0.02494 -0.47231 -0.8811 0.40288 0.59004 0.70453 -0.39432 0.11007
0.80011 -0.52635 -0.28766 2.53832 -0.59487 -0.63404 -0.49411 -0.09968 0.07776 0.56646 -0.82041 0.33313
0.36395 -0.62607 -0.6896 2.73993 -0.67652 -0.68656 0.2664 -0.68571 -0.6402 0.36956 -0.67349 0.07599
0.66465 -0.681 -0.30733 2.82676 -0.72968 -0.68013 -0.0707 -0.47171 -0.16081 0.27123 -0.94899 0.7135
-0.09509 -0.9905 0.09925 2.58722 -0.69647 0.13752 0.70429 -1.04172 -0.71123 -0.00222 -0.70296 0.44601
-0.00218 -0.79558 0.60582 2.303 0.21306 0.59163 0.77755 -0.99577 -0.97704 0.1307 0.16823 -0.15109
0.45277 -0.62855 0.63238 2.40017 0.73021 0.66842 0.14142 -0.44519 -0.51158 0.39768 0.76166 -0.49256
0.82299 -0.49222 0.28351 2.82925 0.5677 0.69775 -0.43686 0.02449 0.01725 0.52044 0.85372 -0.37721
0.79574 -0.49363 -0.35086 3.26243 -0.04504 0.52962 -0.84703 0.19087 0.604 0.68978 0.39921 0.0534
0.33805 -0.62826 -0.7007 3.41111 -0.68451 0.3469 -0.64116 -0.10672 0.64593 0.69635 -0.31282 0.57454
-0.35805 -0.83084 -0.42603 3.15773 -0.92761 0.36845 0.06127 -0.59697 0.10606 0.41707 -0.90265 0.85093
-0.09991 -0.90597 -0.41137 3.16643 -0.9482 -0.03849 0.31529 -1.09548 -0.30148 0.42151 -0.85523 0.50617
-0.36128 -0.93244 0.0017 2.81137 -0.48018 0.1877 0.85683 -1.37605 -0.79929 0.30869 -0.51558 0.11156
-0.36164 -0.88684 -0.28758 2.90731 -0.88294 0.42489 -0.19965 -1.45842 0.29924 0.18166 -0.93672 0.688
-0.17504 -0.98099 0.08368 2.63529 -0.83446 0.19301 0.51614 -1.92854 -0.52248 0.02045 -0.8524 0.46768
0.0709 -0.93825 0.33859 2.50209 -0.23994 0.31352 0.91876 -2.06912 -0.96818 -0.14646 -0.20289 -0.07891
0.3806 -0.84489 0.37589 2.53805 0.52185 0.53188 0.66688 -1.77703 -0.76337 -0.05773 0.64336 -0.57692
0.67942 -0.72958 0.07808 2.79081 0.731 0.68223 0.01274 -1.2627 -0.06254 0.04835 0.99686 -0.66572
0.6154 -0.73462 -0.28565 3.02444 0.46183 0.62982 -0.62449 -0.8763 0.63871 0.25232 0.72689 -0.30746
0.21556 -0.86823 -0.44688 3.06442 -0.23742 0.39737 -0.88638 -0.83672 0.9472 0.29711 -0.12048 0.25474
-0.24765 -0.96787 -0.04329 2.81751 -0.88839 0.24476 -0.38832 -1.19105 0.38646 -0.05778 -0.92048 0.63858
-0.12887 -0.99104 0.03493 2.90435 -0.80134 0.08341 -0.59232 -0.65155 0.58414 -0.10439 -0.80491 0.79941
-0.07935 -0.9964 0.02975 3.00865 -0.68705 0.03313 -0.72582 -0.08598 0.72224 -0.07809 -0.6872 0.85936
-0.05616 -0.86962 0.49051 2.77496 -0.98685 0.12288 0.10468 -0.62622 -0.15129 -0.47825 -0.86508 0.86283
0.4159 -0.73451 0.53622 2.82918 -0.55296 0.26394 0.79025 -0.99516 -0.72195 -0.62525 -0.29638 0.38924
0.74915 -0.63095 0.20171 3.15113 0.12209 0.43093 0.89405 -0.89382 -0.65099 -0.64521 0.39987 -0.12273
0.77901 -0.61037 -0.1435 3.49801 0.54879 0.55326 0.62662 -0.41859 -0.30305 -0.56696 0.76597 -0.3307
0.48168 -0.68667 -0.5445 3.71909 0.77575 0.6231 -0.09937 0.16256 0.40754 -0.3746 0.83282 -0.22081
-0.27531 -0.93614 -0.21876 3.51363 0.30794 0.12977 -0.94247 0.60079 0.91068 -0.32691 0.25255 0.18473
-0.35869 -0.71203 0.60362 3.06233 -0.67839 -0.24521 -0.69252 0.37106 0.64111 -0.65796 -0.39505 0.58613
-0.80317 -0.44098 0.40057 2.83825 -0.15822 -0.4902 -0.85709 0.88039 0.57428 -0.75182 0.32399 0.23668
-0.18384 -0.26604 0.94627 2.56172 -0.69688 -0.64356 -0.31641 0.34968 0.69318 -0.71763 -0.067 0.55639
0.62322 -0.03279 0.78136 2.86013 -0.64543 -0.58579 0.49011 -0.24575 0.44172 -0.80976 -0.38621 0.75137
0.99948 0.02991 0.01257 3.53222 -0.00107 -0.35932 0.93317 -0.44333 0.0325 -0.93271 -0.35914 0.65294
0.93872 0.27206 -0.21164 4.09307 0.27361 -0.21512 0.93743 0.01038 0.20957 -0.9379 -0.27642 0.60616
0.99598 0.08943 -0.00437 3.94395 -0.01178 0.17832 0.98387 -0.38172 0.08883 -0.97989 0.17863 0.0045
0.61226 -0.09834 -0.78452 4.48189 0.75115 0.38176 0.53848 0.12825 0.24657 -0.91901 0.30755 -0.05035
-0.17477 -0.32154 -0.93063 4.40894 0.86281 0.40533 -0.30198 0.8621 0.47429 -0.85578 0.20653 0.08889
-0.79646 -0.47925 -0.36875 3.78449 0.30659 0.2057 -0.9293 1.25494 0.52117 -0.85326 -0.01692 0.29923
-0.74514 -0.3596 0.56167 3.05508 -0.57934 -0.06788 -0.8122 0.98888 0.33016 -0.93064 -0.1577 0.39332
-0.02486 0.61155 0.79083 2.83232 -0.96681 0.18628 -0.17457 0.40276 -0.25407 -0.76889 0.58669 -0.09752
0.18094 -0.04142 0.98263 3.44722 0.89012 -0.41784 -0.18162 -0.11148 0.41812 0.90754 -0.03867 -0.20074
0.89382 0.17075 0.41466 4.09449 0.43804 -0.52951 -0.72638 0.26713 0.09561 0.83093 -0.54807 0.17322
0.85608 0.15606 -0.49273 4.86656 -0.24175 -0.72179 -0.64844 0.04882 -0.45679 0.67426 -0.58023 0.07327
0.73461 -0.09595 0.67169 4.58672 0.15061 -0.9421 -0.29944 0.37258 0.66159 0.32114 -0.67759 0.81201
0.99773 -0.04291 0.05212 5.40324 -0.03546 -0.98977 -0.13782 0.11741 0.05757 0.13566 -0.98905 0.89715
0.79947 0.01282 -0.60058 6.06046 0.03882 -0.99873 0.0305 -0.08072 -0.59938 -0.0477 -0.79901 0.394
0.42936 -0.0659 -0.90073 6.22459 0.11712 -0.98479 0.12798 -0.19475 -0.89545 -0.16045 -0.41518 -0.44876
-0.26646 -0.31804 -0.90987 5.94661 0.08506 -0.94799 0.30655 -0.3518 -0.96008 0.00426 0.27958 -1.25235
-0.7879 -0.4458 -0.42485 5.17559 0.305 -0.88173 0.35975 -0.3037 -0.53505 0.15383 0.83066 -1.70333
-0.78533 -0.60371 0.13714 4.39224 0.61912 -0.76639 0.17099 0.05154 0.00182 0.21915 0.97567 -1.57421
-0.67439 -0.43215 0.59871 3.82032 0.53748 -0.84322 -0.00334 0.31031 0.50625 0.31952 0.80098 -0.94041
-0.48922 -0.53314 0.69025 3.75978 0.75383 -0.65645 0.02713 0.8469 0.43862 0.53358 0.72309 -0.21907
0.18872 -0.36517 0.91162 3.76163 0.62159 -0.67416 -0.39881 1.25304 0.76023 0.64189 0.09983 0.5887
0.78279 -0.1895 0.59275 4.37153 0.2727 -0.7516 -0.60055 1.322 0.55937 0.63173 -0.53662 1.24866
0.75759 0.01171 0.65264 3.48334 0.43662 -0.75218 -0.49346 1.47682 0.48518 0.6588 -0.57491 1.17953
0.69114 0.13316 0.71037 2.59123 0.5566 -0.72489 -0.40578 1.39546 0.46095 0.67585 -0.57506 1.22042
0.97193 0.22921 -0.0532 3.50651 0.16757 -0.83321 -0.52688 1.39417 -0.16503 0.50319 -0.84823 1.29809
0.55628 0.15659 -0.81611 4.14787 -0.17446 -0.93818 -0.29882 1.05603 -0.81242 0.30862 -0.49463 0.77074
-0.33605 -0.2065 -0.91893 4.05253 -0.36347 -0.87158 0.32887 0.47387 -0.86886 0.4445 0.21778 0.0618
-0.85793 -0.35802 -0.36849 3.22681 0.04455 -0.76622 0.64096 0.27638 -0.51188 0.53346 0.6733 -0.31278
-0.87051 -0.29195 0.39622 2.35531 0.48651 -0.63249 0.60263 0.51643 0.07463 0.71735 0.69266 -0.11202
-0.40428 -0.13281 0.90495 1.95825 0.78536 -0.55746 0.26895 1.0839 0.46875 0.81944 0.32973 0.50472
0.36473 0.09054 0.92671 2.216 0.78197 -0.56994 -0.25217 1.66048 0.50537 0.81665 -0.27863 1.18637
0.52545 0.1209 0.8422 3.05602 0.71639 -0.59673 -0.36138 1.91133 0.45892 0.79325 -0.40013 1.52661
-0.31626 0.09481 0.94393 2.16003 0.7152 -0.62983 0.3028 1.64956 0.62323 0.77089 0.13143 1.40872
0.44616 0.30781 0.84036 2.55688 0.7669 -0.61537 -0.18185 2.21655 0.4612 0.72564 -0.51058 2.07495
0.18414 0.86563 0.46561 2.23404 0.05274 -0.48177 0.87465 1.43761 0.98147 -0.13646 -0.13434 2.45265
0.50973 0.84536 -0.15988 2.69738 -0.43568 0.41379 0.79929 0.83591 0.74188 -0.33772 0.57922 1.89258
-0.57953 -0.72535 0.37152 3.21722 0.60682 -0.0797 0.79077 1.19986 -0.54401 0.68369 0.48638 2.59285
-0.0398 -0.1922 0.98055 2.77205 0.9817 -0.1902 0.00248 1.98896 0.18604 0.9627 0.19632 2.8819
0.68952 0.01369 0.72414 3.33127 0.70037 -0.26688 -0.66195 2.63824 0.18424 0.9636 -0.19356 3.32875
0.13318 0.15314 0.97919 2.41857 0.94464 -0.3184 -0.07877 2.50461 0.29972 0.93548 -0.18701 3.38524
0.82357 0.34302 0.45172 3.14507 0.56606 -0.44839 -0.6917 3.0229 -0.03467 0.82539 -0.56344 3.66829
0.82765 0.31153 -0.46683 4.06665 -0.15878 -0.66792 -0.72705 2.87523 -0.53827 0.67588 -0.50337 3.47188
0.0448 -0.20485 -0.97776 4.40669 -0.73387 -0.67076 0.10699 2.08664 -0.67776 0.71276 -0.18043 3.08993
-0.6654 -0.40498 -0.62707 3.80041 -0.34321 -0.5799 0.73882 1.53713 -0.66288 0.70682 0.24685 2.64653
-0.77393 -0.61652 -0.14469 2.95006 0.23966 -0.49651 0.83425 1.73957 -0.58621 0.61095 0.53201 2.3186
-0.70042 -0.69555 0.16006 2.2798 0.53901 -0.36838 0.75742 2.36525 -0.4679 0.61677 0.63294 2.28508
-0.33733 -0.61453 0.71314 1.78219 0.94134 -0.22725 0.24934 3.10691 0.00881 0.75539 0.65518 2.47526
0.16873 -0.08055 0.98237 1.66822 0.70095 -0.69082 -0.17711 3.58236 0.69292 0.71848 -0.06005 3.2555
0.82674 0.03946 0.56121 2.34803 0.27089 -0.90212 -0.33575 3.69332 0.49308 0.42961 -0.75648 3.88786
0.77517 -0.38585 0.50025 2.70964 -0.53731 -0.81913 0.20065 2.87943 0.33238 -0.42434 -0.84226 4.06862
0.88816 -0.45485 -0.06559 3.3843 -0.24897 -0.59605 0.76332 2.4053 -0.38625 -0.66165 -0.64264 3.63267
0.65085 -0.51676 -0.55621 3.83812 0.37179 -0.42168 0.82698 2.58731 -0.66186 -0.74506 -0.08235 2.88763
0.05216 -0.72981 -0.68167 3.79195 0.85858 -0.31573 0.40385 3.21259 -0.50995 -0.60638 0.61009 2.23275
-0.16914 -0.824 -0.54078 3.38436 0.98542 -0.1316 -0.10753 4.03416 0.01744 -0.55113 0.83421 2.21375
-0.48946 -0.86422 0.11647 2.75601 0.47389 -0.37563 -0.79641 4.5589 0.73201 -0.33467 0.5934 2.58231
-0.19638 -0.76185 0.61729 2.3438 -0.21265 -0.58138 -0.78531 4.3216 0.95716 -0.28553 -0.04782 3.32807
-0.19346 -0.98111 -0.00629 2.66432 0.09813 -0.01289 -0.99505 5.15327 0.97616 -0.19316 0.09875 3.2287
-0.14483 -0.97286 0.18055 2.35797 -0.30626 -0.12934 -0.94308 4.62354 0.94082 -0.19192 -0.27923 3.88971
0.13055 -0.89681 0.42275 2.19341 -0.88516 -0.29741 -0.35774 3.8354 0.44653 -0.32753 -0.83264 4.30477
0.38688 -0.78713 0.4804 2.2548 -0.85114 -0.10428 0.51442 2.99616 -0.35482 -0.60794 -0.71026 3.99116
0.68743 -0.69983 0.19418 2.64226 -0.17922 0.09574 0.97911 2.72804 -0.70376 -0.7079 -0.05957 3.21793
0.7062 -0.70595 0.05431 3.02954 0.10271 0.17815 0.97859 3.21931 -0.70046 -0.68554 0.19835 2.56595
-0.01303 -0.53745 0.84321 2.20361 -0.42809 0.76509 0.48094 2.81355 -0.90363 -0.35472 -0.23997 2.60405
0.76558 -0.31974 0.55828 2.59411 0.08632 0.91099 0.40323 2.9812 -0.63745 -0.26049 0.72508 1.79136
0.96819 -0.25009 0.00891 3.39833 0.24729 0.96186 0.11664 3.4538 -0.03766 -0.11071 0.99311 1.75869
0.71143 -0.31358 -0.62893 4.01183 0.17079 0.94525 -0.27797 3.86976 0.68172 0.09035 0.72597 2.32348
0.0698 -0.99578 0.05987 3.59135 0.42171 -0.02485 -0.90635 4.66793 0.90402 0.08844 0.41816 2.57469
0.22853 -0.95876 0.16905 3.5134 -0.42128 -0.25386 -0.87063 4.39097 0.87763 0.12767 -0.46194 3.47288
0.35932 -0.91989 0.15719 3.58185 -0.89951 -0.38616 -0.20413 3.49805 0.24848 -0.06813 -0.9662 3.81271
0.49075 -0.85922 0.1447 3.84775 -0.86924 -0.47126 0.14918 2.72437 -0.05999 -0.19906 -0.97811 3.39722
0.46245 -0.88382 -0.07093 4.06126 -0.29599 -0.22921 0.92723 2.13377 -0.83574 -0.40787 -0.36757 2.71277
0.37456 -0.90092 -0.21925 4.19249 0.45823 -0.02562 0.88842 2.47836 -0.80596 -0.43329 0.40325 1.81442
0.47657 -0.797 -0.37108 4.40083 0.82089 0.25249 0.51216 3.33159 -0.31444 -0.54872 0.77457 1.50609
0.11243 -0.91185 -0.39489 4.30531 0.93336 0.23324 -0.27268 4.23701 0.34078 -0.33796 0.87725 1.64552
-0.14716 -0.98071 -0.12882 3.94243 0.42008 0.05602 -0.90571 4.73865 0.89545 -0.18744 0.40367 2.33448
-0.10358 -0.96827 0.22751 3.57843 -0.37712 -0.17334 -0.90975 4.47653 0.92029 -0.18008 -0.34722 3.14685
0.15209 -0.89029 0.4293 3.45763 -0.89193 -0.31066 -0.32843 3.64302 0.42573 -0.33301 -0.8413 3.50928
0.51384 -0.78881 0.33735 3.65756 -0.80225 -0.3024 0.51466 2.80697 -0.30395 -0.53513 -0.78815 3.22844
0.66585 -0.7459 0.01849 4.0446 -0.1647 -0.12268 0.97864 2.53574 -0.72765 -0.6547 -0.20449 2.46621
0.53007 -0.79026 -0.30754 4.33602 0.60831 0.10178 0.7871 2.97651 -0.59065 -0.6043 0.53467 1.76226
0.47825 -0.70777 -0.52 4.52885 0.87817 0.38667 0.28148 3.8452 0.00189 -0.59126 0.80643 1.67151
-0.04044 -0.83984 -0.54139 4.4441 0.63968 0.39449 -0.65963 4.60296 0.76754 -0.373 0.52121 2.04676
-0.33224 -0.92643 -0.17719 3.97592 -0.04829 0.20438 -0.97766 4.69329 0.9419 -0.31629 -0.11267 2.74388
-0.24565 -0.94115 0.23227 3.55006 -0.71311 0.01323 -0.70087 4.14156 0.6565 -0.33784 -0.67437 3.23068
0.13782 -0.84567 0.51566 3.37964 -0.98781 -0.07946 0.13355 3.31418 -0.07197 -0.5278 -0.84626 3.2051
0.5541 -0.72883 0.4023 3.60875 -0.561 0.0302 0.82721 2.77816 -0.61501 -0.68405 -0.3921 2.61146
0.252 -0.55134 0.79535 3.29368 0.06487 0.82963 0.55445 2.96931 -0.96549 -0.08813 0.24487 1.88016
0.4997 -0.15307 0.85261 3.32759 0.75595 0.55745 -0.34306 3.74133 -0.42273 0.81593 0.39429 1.64297
0.95332 -0.01323 0.30178 4.03819 0.27816 0.42725 -0.86023 4.08559 -0.1175 0.90399 0.41098 1.7367
0.8725 -0.03514 -0.48742 4.73429 -0.47091 0.20624 -0.85768 3.86709 0.13069 0.97783 0.16336 2.03181
0.65242 -0.02733 -0.75741 4.99861 -0.75537 0.05807 -0.65265 3.1533 0.06183 0.9979 0.0172 2.26447
-0.1273 -0.24518 -0.96112 4.9727 -0.99138 0.00297 0.13063 2.41565 -0.0292 0.96942 -0.24348 2.46429
-0.63644 -0.41976 -0.64715 4.38788 -0.68669 -0.07358 0.72315 1.89981 -0.35119 0.9046 -0.24143 2.38821
-0.85888 -0.46175 0.22174 3.63713 0.15827 0.17257 0.97215 1.87502 -0.48718 0.87001 -0.07511 2.22641
-0.14958 -0.02081 0.98856 3.19171 0.93274 0.32864 0.148 2.47618 -0.32794 0.94418 -0.02971 2.16356
0.68419 0.22511 0.69373 3.5914 0.66698 0.19142 -0.72001 3.09838 -0.29482 0.95531 -0.01916 2.1449
0.76276 0.5349 -0.3635 4.30388 -0.48602 0.10325 -0.86777 3.13131 -0.42661 0.83858 0.33868 1.96834
0.16266 0.30382 -0.93877 4.61933 -0.98515 -0.00245 -0.17143 2.48431 -0.0544 0.9527 0.29885 2.06163
-0.60232 0.08972 -0.79324 4.30285 -0.79374 0.03764 0.60702 1.89115 0.08427 0.99522 0.0485 2.30796
-0.98159 -0.05105 -0.1842 3.63584 -0.1902 0.16909 0.96703 1.76741 -0.01828 0.98423 -0.17567 2.48782
-0.76987 0.04997 0.63628 3.04975 0.59964 0.39804 0.69419 2.14728 -0.2186 0.91596 -0.33634 2.558
0.03803 0.29912 0.95348 2.96624 0.86662 0.46506 -0.18052 2.81843 -0.49739 0.83318 -0.24148 2.43818
0.6261 0.49077 0.60596 3.44581 0.46036 0.39445 -0.79523 3.22141 -0.62923 0.77688 0.02106 2.18713
0.81502 0.57593 -0.06405 4.07699 -0.22556 0.21339 -0.95052 3.14291 -0.53369 0.78916 0.30379 1.98329
0.61647 0.49588 -0.61165 4.51939 -0.73263 0.07657 -0.67623 2.65348 -0.28846 0.86501 0.41043 1.9779
-0.10692 0.23932 -0.96506 4.62346 -0.99113 0.05082 0.12246 2.0307 0.07831 0.96958 0.23168 2.16368
-0.80715 0.03549 -0.58931 4.18699 -0.57607 0.17056 0.79936 1.62031 0.1288 0.98467 -0.11725 2.43158
-0.94933 0.08962 0.30131 3.55791 0.30692 0.47173 0.82655 1.73319 -0.06813 0.87714 -0.47528 2.62123
-0.31011 0.26865 0.91198 3.24485 0.78716 0.61039 0.08781 2.311 -0.53307 0.74512 -0.40066 2.49998
0.1266 0.39048 0.91189 3.52996 0.69608 0.61986 -0.36213 2.81178 -0.7066 0.68063 -0.19326 2.14364
0.72291 0.5585 0.40684 4.05976 0.14405 0.45394 -0.87925 3.08122 -0.67567 0.69427 0.24772 1.80792
0.75472 0.65424 -0.04902 4.66132 -0.33628 0.32151 -0.88513 2.79471 -0.56325 0.68456 0.46262 1.63195
0.40541 0.55999 -0.72256 5.10917 -0.90768 0.15288 -0.3907 2.26745 -0.1083 0.81428 0.57019 1.65797
-0.27178 0.37044 -0.88822 5.05911 -0.93037 0.13462 0.34088 1.64874 0.24579 0.91904 0.30798 1.9793
-0.86224 0.19418 -0.46783 4.55747 -0.41233 0.26712 0.87094 1.34966 0.29399 0.94386 -0.15028 2.3755
-0.92997 0.20069 0.30806 3.92538 0.36769 0.50039 0.78379 1.59385 0.00306 0.84218 -0.53908 2.61036
-0.45545 0.47628 0.75216 3.66322 0.82988 0.53288 0.165 2.2735 -0.32225 0.69941 -0.63788 2.5647
0.42503 0.82477 0.37301 4.02916 0.76561 -0.10784 -0.63412 2.90436 -0.48271 0.55517 -0.67726 2.48138
0.97488 0.11849 -0.18871 4.60166 0.15483 -0.9691 0.19175 2.68311 -0.16005 -0.21617 -0.96309 2.91016
0.7118 0.07837 -0.69802 5.06465 0.30593 -0.92905 0.20777 2.73689 -0.63212 -0.36145 -0.68533 2.3097
-0.3015 -0.29017 -0.90826 5.11156 0.41188 -0.89867 0.15046 2.80843 -0.85988 -0.32879 0.39037 1.54282
-0.87075 -0.49156 -0.01471 4.43232 0.48723 -0.85809 -0.16181 3.01658 0.06684 -0.14814 0.98665 1.20793
-0.57477 -0.39197 0.71837 3.82891 0.28812 -0.91847 -0.27074 3.06511 0.76585 0.05129 0.64089 1.75034
0.22758 -0.12562 0.96565 3.8037 0.01226 -0.99114 -0.13191 2.9044 0.97366 0.04181 -0.22393 2.53524
0.46595 0.03531 0.88413 4.45541 0.2202 -0.97234 -0.0773 2.93636 0.85697 0.23066 -0.46074 3.03371
0.93897 0.18303 0.29131 5.22826 0.19902 -0.9796 -0.02628 2.87398 0.28065 0.08265 -0.95619 3.33569
0.95687 -0.01401 -0.29023 5.96384 0.01937 -0.99347 0.11207 2.6809 -0.28979 -0.11289 -0.95035 2.99844
0.45601 -0.13229 -0.8801 6.37794 0.21253 -0.94403 0.25211 2.6058 -0.86411 -0.30205 -0.40245 2.29309
-0.53046 -0.58124 -0.61708 6.08128 0.16066 -0.78357 0.60009 2.41587 -0.83236 0.21909 0.50899 1.5201
-0.79435 -0.59457 0.12459 5.26825 0.57291 -0.66485 0.47922 2.68539 -0.20217 0.45195 0.86877 1.3477
-0.52049 -0.53644 0.66435 4.72842 0.79135 -0.59521 0.13925 3.23343 0.3207 0.5981 0.73439 1.80045
0.18431 -0.17911 0.96642 4.61521 0.60102 -0.75737 -0.25507 3.56885 0.77767 0.62779 -0.03184 2.64155
0.8217 0.0218 0.56952 5.26969 0.34533 -0.81385 -0.46723 3.69698 0.45343 0.58056 -0.67621 3.21842
0.94702 -0.03914 -0.31883 6.10441 -0.12961 -0.95474 -0.26753 3.43089 -0.29381 0.29461 -0.90928 3.25326
0.51486 -0.22254 -0.82791 6.52231 -0.26202 -0.9603 0.09528 2.96199 -0.81617 0.1678 -0.55282 2.57425
0.13216 -0.27282 -0.95297 6.38426 0.00224 -0.96123 0.27558 2.8107 -0.99116 -0.03864 -0.12652 1.70217
-0.59798 -0.47611 -0.64481 5.84018 0.28562 -0.87815 0.38364 2.78845 -0.74894 0.04513 0.66102 0.96288
-0.82746 -0.49993 0.25578 4.94922 0.55302 -0.80459 0.21615 2.99557 0.09765 0.32019 0.94225 0.88809
-0.81077 -0.55619 0.18261 5.26192 0.56451 -0.66004 0.49558 2.27328 -0.15517 0.50477 0.84913 0.40527
-0.34073 -0.34376 0.87508 4.70345 0.77776 -0.62591 0.05687 2.78159 0.52815 0.69988 0.48073 0.95102
0.36315 -0.14283 0.92073 4.94927 0.65905 -0.65903 -0.36227 3.22767 0.65859 0.7383 -0.14509 1.74095
0.94528 -0.01796 0.32579 5.72857 0.16377 -0.83727 -0.52161 3.27127 0.28226 0.54637 -0.78847 2.27818
0.97697 0.16526 -0.13506 6.61292 0.08118 -0.87314 -0.48057 3.03519 -0.19721 0.45851 -0.86646 2.01412
0.51604 0.0302 -0.85605 7.23253 -0.22407 -0.95979 -0.16884 2.61351 -0.82664 0.27888 -0.48862 1.42603
-0.27361 -0.20444 -0.93988 7.05193 -0.21007 -0.94079 0.26588 2.14347 -0.9386 0.2701 0.21434 0.60853
-0.35306 -0.32506 -0.87734 6.25869 -0.05577 -0.92865 0.36662 2.12819 -0.93393 0.17826 0.30963 0.06419
-0.7825 -0.61264 -0.11142 5.46846 0.59735 -0.78895 0.14368 2.34087 -0.176 0.04574 0.98326 -0.43901
-0.55604 -0.50667 0.6589 4.72462 0.55443 -0.81661 -0.16019 2.66005 0.61916 0.2761 0.73503 0.0719
0.12615 0.1684 0.97764 4.5158 0.04161 -0.98549 0.1643 2.35381 0.99109 0.01991 -0.13116 0.9535
0.48648 0.28221 0.82688 5.2477 0.16156 -0.95911 0.2322 2.32929 0.85864 0.02062 -0.51202 1.56895
0.90484 0.38037 0.19137 6.17154 0.32778 -0.90912 0.25683 2.377 0.27181 -0.16965 -0.9472 1.84054
0.82635 0.39809 0.39838 5.74571 0.02877 -0.73631 0.67595 1.52851 0.56253 -0.54707 -0.61979 1.94169
0.83144 0.51311 0.21325 6.61231 0.22073 -0.65726 0.72055 1.92756 0.51 -0.55195 -0.65963 1.92954
0.63917 0.37814 -0.66972 7.43854 0.74661 -0.51366 0.42263 2.36483 -0.18406 -0.77009 -0.6107 1.71759
-0.17492 0.48397 -0.85745 7.43535 0.97589 -0.03001 -0.21595 3.28627 -0.13022 -0.87444 -0.46717 1.44295
-0.76624 0.30786 -0.56406 6.86892 0.5594 -0.11246 -0.82117 3.81305 -0.31631 -0.94466 -0.08616 0.92307
-0.99899 0.02685 0.03678 5.96642 -0.0404 -0.15319 -0.98732 3.72231 -0.02103 -0.98776 0.15406 0.66168
-0.9749 0.1963 0.10534 6.23273 -0.11002 -0.01345 -0.99378 4.30371 -0.19381 -0.98035 0.03466 1.3964
0.93569 -0.07473 0.34489 5.94624 0.17136 -0.75796 -0.62931 3.7118 0.30858 0.64785 -0.69636 0.75304
-0.83305 0.17457 0.52497 6.7924 -0.2778 0.68845 -0.66989 3.26292 -0.47849 -0.70379 -0.52495 0.66691
-0.38094 0.24476 0.89164 6.55804 -0.70507 0.54679 -0.45141 2.7415 -0.5981 -0.80053 -0.0356 -0.06136
-0.15892 0.25662 0.95338 6.77392 -0.89555 0.36885 -0.24864 1.90419 -0.41552 -0.89321 0.17134 -0.42141
0.57062 0.47705 0.66847 7.32853 -0.81236 0.44704 0.37431 1.26198 -0.12021 -0.7565 0.64273 -0.82825
0.83571 0.54145 -0.09202 8.22826 -0.30714 0.59954 0.73899 1.03456 0.4554 -0.58917 0.66733 -0.66398
0.47842 0.44091 -0.75945 8.85058 0.25328 0.75869 0.6001 1.40368 0.84084 -0.47932 0.25119 -0.04645
0.6534 0.61929 -0.43543 8.80102 0.12876 0.47578 0.87002 0.52251 0.74606 -0.62438 0.23109 -0.38688
0.11713 0.45857 -0.88093 9.06508 0.76255 0.52663 0.37558 1.20827 0.6362 -0.71561 -0.28812 0.19035
-0.81781 0.21791 -0.53269 8.63182 0.5192 0.67867 -0.51937 2.00433 0.24823 -0.7012 -0.66825 0.43155
-0.87982 0.37264 0.29512 7.85849 -0.18551 0.3023 -0.93494 2.24254 -0.43774 -0.87721 -0.19684 -0.05992
-0.45875 0.48117 0.74704 7.50551 -0.8093 0.12068 -0.57478 1.59472 -0.36683 -0.86814 0.33412 -0.62414
0.21731 0.53804 0.81446 7.59813 -0.89894 -0.21477 0.38169 0.67146 0.38025 -0.81498 0.43712 -0.6482
0.70176 0.68427 0.19839 8.33949 -0.24115 -0.03395 0.96985 0.26348 0.67043 -0.72829 0.14127 -0.28019
0.70266 0.71026 -0.04305 9.05819 0.01626 0.04438 0.99885 0.68962 0.71142 -0.70239 0.01967 0.12825
0.42997 0.55323 -0.71353 9.66807 0.73972 0.23712 0.62969 1.32356 0.51763 -0.79841 -0.30734 0.43287
-0.23064 0.25793 -0.93826 9.6828 0.9701 0.13562 -0.20111 2.24657 0.07539 -0.95648 -0.28164 0.31379
-0.29613 0.13299 -0.94587 8.96108 0.93445 0.24527 -0.258 2.8129 0.19767 -0.96019 -0.19705 0.18141
0.26571 -0.20641 -0.94172 9.63664 0.96306 0.09998 0.24989 2.42794 0.04266 -0.9733 0.22521 -0.30888
0.1011 -0.21997 -0.97027 9.18057 0.993 -0.03681 0.11188 3.21963 -0.06026 -0.97478 0.21455 -0.41293
-0.46464 -0.66847 -0.58077 8.59042 0.84654 -0.14284 -0.51275 3.6877 0.25976 -0.72995 0.63209 -0.92517
-0.69228 -0.72003 0.04855 7.80817 0.27231 -0.32284 -0.90639 3.90384 0.66817 -0.61435 0.4195 -0.52372
-0.52171 -0.66862 -0.52991 8.34123 0.82364 -0.23282 -0.51704 4.30813 0.22228 -0.70628 0.67201 -1.14648
-0.67817 -0.68049 0.27758 7.54084 0.10514 -0.46357 -0.87975 4.48344 0.72719 -0.56754 0.3859 -0.74934
-0.22474 -0.56851 0.79141 7.14617 -0.48611 -0.6384 -0.59671 3.95044 0.84435 -0.51893 -0.13277 -0.13299
0.44528 -0.34945 0.8244 7.34588 -0.72514 -0.68078 0.10303 3.1513 0.52525 -0.64376 -0.55635 0.2126
-0.15358 -0.12538 0.98016 8.1318 0.70398 0.68213 0.19751 2.74532 -0.69331 0.72034 -0.0163 0.28518
0.30274 0.02945 0.95264 8.5832 0.69229 0.68007 -0.24109 3.47919 -0.65483 0.73251 0.18565 0.02536
0.84965 0.17204 0.49852 9.35335 0.33034 0.56307 -0.75745 3.92097 -0.41082 0.80828 0.4216 -0.14186
0.89568 0.04664 -0.44227 10.22652 -0.4371 0.2759 -0.856 3.82527 0.08223 0.96 0.26735 0.05889
0.52364 -0.04309 -0.85087 10.55585 -0.83712 0.15943 -0.52319 3.08271 0.15822 0.98619 0.04722 0.43765
-0.22127 -0.25748 -0.94062 10.38346 -0.97225 0.13279 0.19241 2.27401 0.07525 0.95701 -0.27986 0.75776
0.7849 -0.54548 -0.29397 9.91338 0.61403 0.62139 0.48658 2.37689 -0.08256 -0.56245 0.82261 1.50199
0.31762 -0.74216 -0.59021 10.08543 0.76149 0.57051 -0.30752 3.1991 0.56503 -0.35184 0.74618 1.78537
0.50205 -0.74602 -0.4375 10.02175 0.71614 0.64221 -0.27318 2.96348 0.48489 -0.17624 0.85654 0.93749
0.27551 -0.72806 -0.62771 10.10349 0.16732 0.67934 -0.71444 3.29187 0.94661 0.09172 0.3088 1.74415
-0.4085 -0.89337 -0.18713 9.65956 -0.45705 0.3777 -0.80521 3.21463 0.78989 -0.24353 -0.56268 2.49149
-0.55859 -0.62844 0.54133 9.01811 -0.8293 0.41348 -0.37578 2.6287 0.01216 -0.65889 -0.75203 2.54252
-0.17428 -0.00915 0.98465 8.71501 -0.6135 0.7831 -0.10134 2.24545 -0.77021 -0.62167 -0.14192 1.81607
0.68713 0.22759 0.68996 9.17119 -0.54314 0.79162 0.27975 1.9199 -0.48242 -0.56684 0.66769 1.14294
-0.4552 -0.09703 0.88508 10.04224 0.61526 -0.75277 0.23388 1.91001 0.64351 0.65092 0.40254 1.10806
-0.58116 -0.01351 0.81368 9.85268 0.63929 -0.62622 0.44617 1.33044 0.50343 0.7794 0.37275 0.48942
0.07711 0.17629 0.98131 9.95104 0.81577 -0.57695 0.03951 1.87224 0.5732 0.79744 -0.18811 1.15347
0.74134 0.37445 0.55695 10.58952 0.65122 -0.60168 -0.46237 2.31628 0.16217 0.70548 -0.68981 1.53673
0.8911 0.3638 -0.27125 11.44522 0.12659 -0.77331 -0.62118 2.32811 -0.43555 0.51919 -0.73524 1.38989
0.31729 0.15317 -0.93587 11.91687 -0.34766 -0.89933 -0.26502 1.89043 -0.8822 0.4094 -0.2323 0.80705
-0.33185 -0.02849 -0.94289 11.60803 -0.37366 -0.91376 0.15915 1.36862 -0.86618 0.40505 0.2924 0.19094
-0.9069 -0.18912 -0.37649 10.85709 -0.06213 -0.82372 0.56351 1.06364 -0.41686 0.53432 0.73523 -0.11205
-0.83974 -0.16082 0.51859 10.0477 0.48016 -0.66585 0.57098 1.18371 0.25334 0.72838 0.63648 0.15299
-0.0501 0.48317 0.87408 9.83316 0.63545 -0.65974 0.40108 1.41164 0.77046 0.57556 -0.27377 0.95093
0.75897 0.63387 0.14887 10.5136 0.48122 -0.70011 0.52744 1.34015 0.43872 -0.32857 -0.8363 1.46212
0.60054 0.7504 -0.27613 11.09514 0.79615 -0.52943 0.29285 1.93076 0.07374 -0.39558 -0.91538 1.28135
0.12663 0.6737 -0.72806 11.41658 0.84666 -0.45581 -0.27447 2.52442 -0.51668 -0.58154 -0.62826 0.76062
-0.58598 0.4656 -0.66319 11.22364 0.311 -0.62654 -0.7146 2.78656 -0.74831 -0.62491 0.22216 0.02124
-0.92321 0.3651 -0.11991 10.59109 -0.23215 -0.77859 -0.58295 2.48478 -0.30638 -0.51029 0.80348 -0.4037
-0.79978 0.34056 0.49433 10.01872 -0.46018 -0.87657 -0.1407 1.94334 0.38519 -0.33997 0.85785 -0.21875
-0.18483 0.53252 0.82598 9.88232 -0.34731 -0.82161 0.45195 1.44056 0.91922 -0.20326 0.33699 0.39842
0.29716 0.67569 0.67463 10.26834 0.12385 -0.72786 0.67439 1.37353 0.94675 -0.11674 -0.29979 1.0804
0.37049 0.7901 0.48834 10.80973 0.43617 -0.61218 0.65948 1.76287 0.82007 -0.03119 -0.57127 1.48305
0.35471 0.91147 0.20829 11.25483 0.81038 -0.41085 0.41763 2.35314 0.46632 0.02083 -0.88428 1.6838
0.32125 0.8914 -0.31967 11.70575 0.88787 -0.40091 -0.22557 2.93032 -0.32912 -0.21119 -0.92029 1.49926
0.10993 0.38102 -0.918 12.08034 0.19886 -0.91335 -0.35522 3.01714 -0.97374 -0.14345 -0.17638 0.86068
-0.75133 0.13856 -0.64521 11.75209 -0.08566 -0.98989 -0.11275 2.79763 -0.65445 -0.02945 0.75544 0.23115
0.73109 -0.57368 -0.36931 11.23694 0.04572 0.58131 -0.81236 2.29547 0.68085 0.57691 0.45109 0.28903
0.27862 -0.6812 -0.67699 11.37234 -0.63941 0.39441 -0.65994 2.009 0.71659 0.6166 -0.32584 0.9325
-0.20936 -0.82181 -0.52988 11.05458 -0.90124 0.37239 -0.22137 1.48938 0.37916 0.43104 -0.81872 1.25628
-0.35022 -0.92611 -0.14017 10.65772 -0.86414 0.26181 0.42969 0.95907 -0.36134 0.27143 -0.89198 1.11362
-0.25254 -0.87033 0.42277 10.28448 -0.21817 0.47693 0.85138 0.77723 -0.94266 0.12262 -0.3102 0.59135
-0.08542 -0.09165 0.99212 9.91336 0.66486 0.73634 0.12522 1.24878 -0.74199 0.67032 -0.00176 0.32614
0.62882 0.11026 0.76969 10.28298 0.49966 0.70105 -0.50871 1.70563 -0.59552 0.70451 0.38587 0.0646
0.98442 0.17329 -0.0295 10.90199 -0.11287 0.49421 -0.86193 1.82578 -0.1346 0.85188 0.50603 0.06585
0.55609 -0.37431 -0.74205 11.30903 -0.69979 0.27079 -0.66096 1.60386 0.44843 0.88677 -0.11153 0.47709
0.04904 -0.47558 -0.8783 11.24215 -0.98668 0.11327 -0.11637 1.04145 0.15479 0.87221 -0.46387 0.6917
0.69275 -0.25185 -0.67576 11.63838 -0.6291 0.24709 -0.73693 1.4969 0.35268 0.9356 0.01257 0.68561
-0.04568 -0.47201 -0.8804 11.63695 -0.98711 0.15634 -0.03255 0.99402 0.15296 0.86749 -0.47323 0.95033
-0.88737 -0.3929 -0.24124 11.15205 -0.42799 0.89644 0.11452 0.77548 0.17107 0.20484 -0.96366 1.18027
-0.75925 -0.42263 -0.49489 11.63629 -0.46863 0.88265 -0.03469 0.87236 0.45131 0.20553 -0.8683 1.4543
-0.88112 -0.15173 0.44787 11.09212 -0.223 0.96845 -0.11073 0.9051 -0.41712 -0.19743 -0.88707 1.35418
-0.29857 0.04159 0.95347 10.89123 -0.29232 0.94699 -0.1329 0.89737 -0.90852 -0.31835 -0.2704 0.8505
0.30483 0.21063 0.92882 11.11516 -0.37771 0.92194 -0.08516 0.83449 -0.8742 -0.32479 0.36077 0.37105
0.64182 0.32545 0.69436 11.57255 -0.43059 0.90215 -0.0249 0.74424 -0.6344 -0.28291 0.71929 0.13091
0.93227 0.35545 -0.06722 12.08488 -0.35168 0.934 0.06213 0.7049 0.08505 -0.03419 0.99572 0.10593
0.49183 0.17937 -0.85201 12.43984 -0.23762 0.969 0.06689 0.71264 0.83768 0.16961 0.51902 0.46273
-0.26729 -0.09086 -0.95932 12.35738 -0.1136 0.99153 -0.0622 0.79468 0.95677 0.09235 -0.27554 0.94719
-0.73664 -0.24125 -0.63179 11.9448 -0.20756 0.96973 -0.12821 0.81787 0.64343 0.03666 -0.76454 1.20835
-0.93477 -0.34985 -0.06175 11.45495 -0.34128 0.93262 -0.11676 0.77494 0.09824 -0.08812 -0.99119 1.19632
-0.50202 -0.0895 0.86021 11.06685 -0.33517 0.93696 -0.09819 0.75213 -0.79731 -0.33761 -0.50019 0.89828
0.59082 0.19286 0.78342 11.15846 -0.40961 0.90821 0.08526 0.67589 -0.69494 -0.3712 0.61574 0.41555
0.95511 0.29447 0.0325 11.65227 -0.29572 0.94066 0.1661 0.65002 0.01854 -0.16816 0.98552 0.32891
0.69329 0.18344 -0.69693 12.04365 -0.14564 0.98271 0.11385 0.71001 0.70589 0.02263 0.70787 0.64495
-0.02305 -0.04021 -0.99893 12.08391 -0.08339 0.99574 -0.0381 0.80866 0.99618 0.08243 -0.02651 1.14565
0.56847 0.09461 -0.81725 12.43586 -0.08366 0.99481 0.05704 0.7604 0.81851 0.03599 0.57326 0.77244
-0.16299 -0.07711 -0.98361 12.38118 -0.16625 0.98479 -0.0496 0.81985 0.97242 0.15544 -0.17353 1.29068
-0.90971 -0.22471 -0.34919 11.97162 -0.08744 0.92575 -0.36777 0.95928 0.4057 -0.30404 -0.86188 1.59931
-0.9378 -0.2714 0.21647 11.45995 -0.33781 0.85678 -0.38952 0.87784 -0.07995 -0.43845 -0.89512 1.42244
0.94095 0.28129 -0.1884 11.1299 0.17198 -0.87654 -0.44947 0.68171 -0.29137 0.39055 -0.87318 1.01604
0.59696 0.19654 -0.77783 11.48024 -0.08199 -0.94948 -0.30278 0.48823 -0.79791 0.24453 -0.55084 0.60852
-0.06786 0.02571 -0.99736 11.45555 -0.17201 -0.98496 -0.01364 0.23919 -0.98271 0.1706 0.07107 0.07984
-0.74754 -0.16095 -0.64442 11.04217 -0.08067 -0.94095 0.32867 0.02558 -0.65941 0.29761 0.69029 -0.28346
-0.92055 -0.31869 -0.22584 10.44744 0.20285 -0.88407 0.42094 0.06535 -0.33398 0.34159 0.87844 -0.29162
-0.2145 -0.22057 -0.95148 10.97292 -0.27197 -0.9221 0.27513 -0.14509 -0.93809 0.31771 0.13762 -0.50753
-0.8265 -0.39566 -0.40041 10.45666 0.11496 -0.81488 0.56806 -0.26846 -0.5512 0.42336 0.71891 -0.83639
-0.75577 -0.26938 0.59683 9.85421 0.59273 -0.66885 0.44861 -0.12006 0.2782 0.69273 0.6653 -0.70938
0.01325 -0.02944 0.99946 9.7191 0.77739 -0.62831 -0.02886 0.24995 0.62885 0.77733 0.01477 -0.1959
0.34183 0.13487 0.93001 10.14725 0.85219 -0.46155 -0.24634 0.64106 0.39612 0.87677 -0.27252 0.11272
0.95018 0.30083 0.0814 10.74017 0.26459 -0.64091 -0.72054 0.87558 -0.16439 0.70622 -0.68857 0.30902
0.77914 0.40196 -0.48097 11.2739 -0.04675 -0.72795 -0.684 0.66109 -0.6249 0.55548 -0.54849 -0.04414
0.11838 0.25997 -0.95831 11.49405 -0.43111 -0.85594 -0.28542 0.2465 -0.89444 0.44695 0.01055 -0.54655
-0.56356 0.06418 -0.82355 11.15306 -0.48209 -0.8351 0.26485 -0.25068 -0.67088 0.54627 0.50141 -0.91214
-0.61532 0.05017 -0.78665 10.49317 -0.462 -0.8315 0.30841 -0.49535 -0.63876 0.55319 0.53467 -0.94002
-0.88934 -0.04297 -0.45518 9.80872 -0.25284 -0.78318 0.56802 -0.70085 -0.38109 0.62022 0.68558 -0.94687
-0.97527 -0.05229 0.21458 9.12277 0.19725 -0.64357 0.7395 -0.68561 0.09924 0.76352 0.63805 -0.71944
-0.53067 0.11832 0.83924 8.71021 0.69773 -0.50119 0.51179 -0.33896 0.4811 0.85718 0.1836 -0.23014
0.2182 0.33936 0.91496 8.85665 0.88831 -0.45725 -0.04229 0.20275 0.40409 0.82206 -0.40106 0.25395
0.87865 0.4519 0.15395 9.50343 0.45694 -0.70282 -0.54517 0.52888 -0.13799 0.54944 -0.82402 0.46395
0.66493 0.37267 -0.64724 10.13868 -0.04407 -0.84554 -0.53206 0.39085 -0.74543 0.38236 -0.54596 0.06208
0.05225 0.11866 -0.99152 10.24989 -0.40518 -0.90498 -0.12961 -0.08778 -0.91272 0.40853 0.00059 -0.5324
0.60059 0.17828 -0.77938 10.71482 -0.22364 -0.89845 -0.3778 0.29682 -0.7675 0.40123 -0.49991 -0.04332
-0.15399 -0.03932 -0.98726 10.68074 -0.35114 -0.93178 0.09194 -0.16957 -0.92359 0.36079 0.12949 -0.67126
-0.74784 -0.27398 -0.60465 10.08043 0.06461 -0.93652 0.34455 -0.3475 -0.66083 0.21852 0.71799 -1.1572
-0.9252 -0.29272 0.24135 9.28017 0.36873 -0.84386 0.38975 -0.30163 0.08941 0.44952 0.88875 -1.11594
-0.27645 -0.09162 0.95662 8.81713 0.62244 -0.77549 0.10554 -0.02575 0.73216 0.62459 0.27161 -0.5081
-0.57945 -0.1125 0.80717 8.48121 0.56678 -0.76733 0.29986 -0.39227 0.58555 0.63122 0.50857 -1.15483
-0.49112 -0.09075 0.86632 8.55162 0.64562 -0.70559 0.29202 0.05951 0.5847 0.70271 0.40531 -0.46113
-0.45008 -0.06388 0.89067 8.70936 0.70153 -0.64244 0.30835 0.57696 0.55244 0.7636 0.33416 0.16827
0.2654 0.15547 0.9515 8.92155 0.7459 -0.6584 -0.10054 1.03625 0.61092 0.73643 -0.29052 0.84317
0.37562 0.26753 0.88729 9.62677 0.79741 -0.58113 -0.16243 1.43052 0.47228 0.7686 -0.43145 1.10852
0.01217 -0.23245 0.9725 8.85088 0.82125 -0.55248 -0.1424 1.39591 0.57043 0.80036 0.18437 0.74534
0.41085 -0.10831 0.90522 9.38458 0.74784 -0.52781 -0.40264 1.77884 0.5215 0.84237 -0.13569 1.30475
0.57293 -0.11891 0.81091 10.0249 0.58809 -0.62943 -0.50787 1.68913 0.57095 0.76783 -0.29054 1.89012
0.99736 0.01717 0.0703 10.84746 0.05793 -0.77064 -0.6346 1.66626 0.04349 0.637 -0.76961 2.21615
0.80096 0.00185 -0.59868 11.53686 -0.28679 -0.87663 -0.3863 1.21525 -0.52538 0.4811 -0.70176 1.89273
0.90902 0.02068 -0.41618 11.33949 -0.14773 -0.91795 -0.36811 1.65285 -0.38948 0.39609 -0.83149 2.64526
0.2576 0.13773 -0.95636 11.72888 -0.06097 -0.9855 -0.15827 1.37708 -0.96425 0.09909 -0.24568 1.88073
-0.1056 0.0355 -0.99375 11.35012 -0.04107 -0.99865 -0.03124 1.114 -0.99356 0.0375 0.10671 1.10484
-0.40433 -0.09411 -0.90973 10.69058 0.07856 -0.99456 0.06805 1.01207 -0.91128 -0.044 0.40935 0.48861
0.37988 -0.57295 -0.72621 11.41165 -0.40053 -0.8095 0.42924 0.63502 -0.83374 0.12767 -0.53714 0.8954
-0.22452 -0.74422 -0.62904 11.11469 0.11862 -0.66153 0.74044 0.47531 -0.96724 0.09145 0.23671 0.04272
-0.54557 -0.83227 -0.09817 10.44322 0.67434 -0.50545 0.53826 0.87731 -0.49769 0.22728 0.83701 -0.43836
-0.4976 -0.83987 0.21677 9.87417 0.8565 -0.43615 0.2759 1.56902 -0.13725 0.32277 0.93645 -0.22412
-0.29512 -0.80218 0.51901 9.53478 0.91049 -0.40073 -0.10179 2.24485 0.28962 0.44235 0.84876 0.30553
-0.20056 -0.77997 0.59277 9.57714 0.92392 -0.35174 -0.15034 2.78058 0.32576 0.51735 0.79131 1.05754
-0.30537 -0.95078 -0.05214 9.74765 0.93736 -0.30972 0.15929 2.5643 -0.16764 -0.00044 0.98582 0.17771
-0.19945 -0.95994 0.1967 9.39541 0.93676 -0.24561 -0.24919 3.26984 0.28751 0.13436 0.94828 0.66252
-0.91624 -0.27369 0.2925 8.73496 0.40006 -0.66444 0.6312 2.68491 0.02142 0.69529 0.71837 0.39314
0.96401 0.2568 0.06853 8.25186 -0.2521 0.80125 0.54258 3.16119 0.08461 -0.54026 0.8372 1.01438
0.66452 0.12135 -0.73732 8.97957 0.19075 0.92643 0.32448 3.50541 0.72261 -0.35622 0.59235 1.4541
0.14337 -0.01724 -0.98949 8.99743 0.2769 0.96059 0.02345 3.98952 0.95015 -0.27734 0.14229 2.22623
-0.62183 -0.23357 -0.74748 8.49324 0.10495 0.92103 -0.37503 4.35651 0.77594 -0.31168 -0.54838 2.89341
-0.92881 -0.34596 0.13255 7.58998 -0.36558 0.79832 -0.47852 4.35736 0.05953 -0.49296 -0.86797 3.02569
-0.71621 0.60467 -0.34836 7.478 0.45142 0.02067 -0.89204 5.1229 -0.53233 -0.79604 -0.28787 2.5406
-0.80949 0.58679 -0.01857 6.92585 -0.07579 -0.13592 -0.9878 4.88557 -0.58233 -0.7981 0.15446 1.85503
0.7772 -0.54934 0.30679 6.74789 -0.04575 -0.53553 -0.84324 4.21901 0.62769 0.64123 -0.44133 1.25722
0.84808 -0.48444 -0.21454 7.3768 -0.52058 -0.68633 -0.50784 3.61446 0.09893 0.54227 -0.83433 1.49873
0.49858 -0.69185 -0.52222 7.60441 -0.77756 -0.62321 0.08338 2.77894 -0.38308 0.36435 -0.8488 1.24489
0.66948 -0.69866 -0.25222 7.56623 -0.74042 -0.65495 -0.15087 3.26731 -0.05969 0.28762 -0.95586 2.00282
0.34085 -0.78509 -0.51711 7.7375 -0.54806 -0.61282 0.56924 2.57738 -0.76378 0.08922 -0.63925 1.44127
-0.12939 -0.90134 -0.41328 7.4179 -0.20447 -0.38352 0.90059 2.39935 -0.97029 0.20086 -0.13473 0.60962
-0.47479 -0.8756 0.08855 6.81018 0.44912 -0.15447 0.87999 2.68214 -0.75694 0.45744 0.46664 0.00817
-0.45516 -0.88938 0.0421 7.14992 0.30131 -0.10931 0.94721 1.87156 -0.83793 0.44368 0.31777 0.20708
-0.39585 -0.87421 0.28106 6.71967 0.60528 -0.01817 0.79576 2.61221 -0.69065 0.485 0.53642 -0.07277
-0.11875 -0.46909 -0.87509 7.2772 0.28993 -0.85928 0.42133 1.95073 -0.94964 -0.20379 0.2379 -0.34061
-0.6538 -0.57529 -0.49146 6.55835 0.45933 -0.81788 0.34646 2.15529 -0.6014 0.00065 0.79892 -0.84973
-0.67669 -0.66457 -0.3168 5.77121 0.58334 -0.74646 0.32007 2.59824 -0.44931 0.03166 0.89279 -0.7825
-0.6421 -0.70133 -0.30949 6.48304 0.60101 -0.71112 0.36474 2.08857 -0.476 0.04805 0.87811 -1.01299
-0.61718 -0.72299 0.31036 5.75696 0.7577 -0.65242 -0.01323 2.59204 0.21197 0.22686 0.95056 -0.79449
-0.45865 -0.70014 0.54717 5.42089 0.74387 -0.6393 -0.1946 2.98845 0.48602 0.31764 0.81415 -0.04871
0.0311 -0.05099 0.99819 5.09853 0.15945 -0.98562 -0.05537 2.87033 0.9867 0.16085 -0.02236 0.7952
0.28829 0.04314 0.95655 5.71262 0.20464 -0.97865 -0.0176 2.82322 0.93545 0.20082 -0.29081 1.46839
0.83716 0.17702 0.51749 6.48925 0.16921 -0.98356 0.06261 2.72609 0.52023 0.03516 -0.85328 1.94795
0.51182 0.76214 0.39642 5.64881 -0.22191 -0.32853 0.91802 2.38462 0.83001 -0.55771 0.00106 2.05699
0.47343 0.80345 0.36097 6.3244 -0.20193 -0.29994 0.9323 2.74656 0.85744 -0.51415 0.02032 2.55313
0.54917 0.80254 -0.23307 7.01857 0.50467 -0.09626 0.85789 3.11279 0.66618 -0.58861 -0.45792 3.01743
0.13922 0.70867 -0.69165 7.37664 0.96772 0.05066 0.24677 3.94845 0.20996 -0.70356 -0.67888 3.08737
-0.42434 0.54994 -0.71936 7.18643 0.86772 0.01985 -0.4966 4.74348 -0.25889 -0.83484 -0.48576 2.68409
-0.81013 0.4453 -0.38127 6.58175 0.36418 -0.12745 -0.92254 5.01866 -0.45955 -0.88616 -0.05901 2.05988
-0.87768 0.422 0.22707 5.90235 -0.3837 -0.33512 -0.86047 4.68154 -0.2872 -0.84229 0.45609 1.55929
0.91242 -0.39397 0.11066 5.62676 0.08925 -0.07219 -0.99336 3.8286 0.39952 0.91618 -0.0307 1.39274
0.93932 -0.19586 -0.28155 6.32788 -0.32149 -0.2165 -0.9218 3.3162 0.11977 0.95637 -0.2664 1.63468
0.90842 -0.13504 -0.39561 6.78794 -0.41775 -0.32975 -0.84658 2.5352 -0.01597 0.9343 -0.35606 1.62522
0.4047 -0.29301 -0.86621 7.11452 -0.86091 -0.44142 -0.25284 1.6941 -0.30823 0.848 -0.43107 1.58918
-0.11833 -0.42469 -0.89755 6.83546 -0.79267 -0.50395 0.34301 0.91415 -0.59803 0.75198 -0.27717 1.2279
-0.69846 -0.57953 -0.41983 6.13609 -0.26636 -0.33392 0.90416 0.50179 -0.66432 0.74324 0.0788 0.82662
-0.73932 -0.42127 0.52524 5.28251 0.59007 -0.02959 0.80678 0.77103 -0.32447 0.90634 0.27057 0.69287
-0.65264 -0.44736 0.61146 5.07003 0.63722 0.11249 0.76239 1.65585 -0.40996 0.88714 0.21177 0.65214
-0.8661 -0.27826 0.4152 5.10181 0.40359 0.10074 0.90934 0.8184 -0.29502 0.95512 0.02513 1.01336
-0.36015 -0.19983 0.91121 4.72944 0.87253 0.27344 0.40481 1.65363 -0.33011 0.94083 0.07605 0.95359
0.36962 0.01523 0.92903 5.00137 0.899 0.24674 -0.36174 2.52706 -0.23468 0.96892 0.07767 0.98383
0.8509 0.16676 0.49812 5.81594 0.47614 0.15558 -0.86547 2.95175 -0.22167 0.97363 0.05307 1.02655
0.96351 0.26644 -0.02488 6.71226 -0.03546 0.03488 -0.99874 2.77274 -0.26508 0.96322 0.04305 1.03707
0.87073 0.22766 0.43585 6.08125 0.32828 0.39071 -0.85996 3.34368 -0.36592 0.89191 0.26553 0.71454
0.94368 0.3196 -0.08543 6.946 -0.17711 0.2699 -0.94643 3.10143 -0.27926 0.90831 0.31129 0.7374
0.86493 0.18674 -0.46582 7.56525 -0.49751 0.19707 -0.84475 2.53601 -0.06581 0.96243 0.26328 1.0616
0.27926 0.07475 -0.95729 7.88447 -0.96016 0.02902 -0.27782 1.74186 0.00706 0.99675 0.07971 1.3062
-0.54267 -0.15462 -0.82558 7.51809 -0.8383 0.03897 0.54375 0.96684 -0.05199 0.98714 -0.15091 1.52307
-0.96452 -0.24406 -0.10066 6.65864 -0.16534 0.26128 0.95097 0.76237 -0.20596 0.93382 -0.29237 1.60911
-0.68815 -0.13221 0.71341 5.93663 0.5905 0.46927 0.65653 1.26742 -0.4217 0.87305 -0.24474 1.49616
-0.84091 -0.13853 0.52313 5.9929 0.38501 0.52615 0.7582 0.48438 -0.38042 0.83898 -0.38902 1.89642
-0.42142 -0.07533 0.90373 5.73309 0.66569 0.651 0.36467 1.23675 -0.61587 0.75527 -0.22405 1.5312
0.49719 0.3812 0.77941 5.9708 0.75418 0.25417 -0.60542 2.06192 -0.42882 0.88889 -0.161 1.4278
0.82888 0.52207 0.20096 6.78302 0.15631 0.12874 -0.97924 2.23115 -0.53699 0.84318 0.02515 1.1816
0.84522 0.39352 0.36157 6.64269 0.52666 -0.49886 -0.68826 2.50401 -0.09035 0.77223 -0.62883 1.99077
0.87102 0.48802 -0.05611 7.42544 0.25813 -0.55191 -0.7929 2.40593 -0.41779 0.67625 -0.60669 1.65153
0.66514 0.57565 -0.47561 7.98201 -0.01366 -0.62745 -0.7785 2.10629 -0.74645 0.52441 -0.40955 1.06815
0.22467 0.49964 -0.83659 8.20378 -0.37804 -0.74659 -0.5474 1.58636 -0.89804 0.43934 0.02102 0.44122
-0.57615 0.25849 -0.77538 7.97362 -0.59856 -0.77941 0.18494 0.90869 -0.55662 0.57072 0.60365 0.0008
-0.82351 0.19917 -0.53118 7.25319 -0.48451 -0.73391 0.476 0.49915 -0.29516 0.6494 0.70078 0.11459
-0.92023 0.14822 0.36221 6.4904 0.22814 -0.54885 0.80416 0.35217 0.31783 0.82268 0.4713 0.4229
-0.4497 0.27257 0.85057 6.15116 0.75121 -0.39972 0.52524 0.85189 0.48307 0.87519 -0.02487 1.0146
0.21763 0.46895 0.85598 6.40752 0.92561 -0.37734 -0.02864 1.51811 0.30958 0.79862 -0.51605 1.4652
0.74724 0.62412 0.22824 7.09027 0.59132 -0.46781 -0.65685 1.99922 -0.30307 0.62589 -0.71857 1.50211
0.20661 0.51849 0.82974 6.44472 0.88276 -0.46447 0.0704 2.03564 0.4219 0.71801 -0.55354 2.02237
0.70521 0.64765 0.28845 7.12454 0.69319 -0.54455 -0.47212 2.51177 -0.1486 0.53301 -0.83292 2.10782
0.70531 0.67349 -0.22117 7.82262 0.377 -0.6206 -0.68751 2.59325 -0.6002 0.40165 -0.69165 1.63082
0.21583 0.47637 -0.85233 8.26998 -0.27081 -0.80945 -0.52096 2.30085 -0.93806 0.34334 -0.04583 0.96476
-0.49964 0.18714 -0.84576 8.07486 -0.63351 -0.7448 0.20947 1.5925 -0.5908 0.6405 0.49056 0.52271
-0.75014 0.13933 -0.64642 7.3287 -0.5409 -0.69156 0.47866 1.16658 -0.38046 0.70874 0.59403 0.57474
-0.95645 0.14459 0.25355 6.51771 0.17016 -0.42961 0.88681 0.94614 0.237 0.89136 0.38634 0.85011
-0.90482 0.1392 -0.4024 7.0505 -0.42278 -0.18188 0.88777 0.29352 0.05025 0.97341 0.22334 0.66934
-0.99557 0.06711 -0.0658 6.21046 -0.07181 -0.09183 0.99316 0.52003 0.06046 0.9935 0.09622 0.97029
-0.9715 0.10011 0.21482 5.572 0.21375 -0.02153 0.97663 1.02287 0.10225 0.99473 -0.00045 1.2618
-0.99373 0.07928 0.07871 6.07366 0.0771 -0.0234 0.99673 0.30658 0.0807 0.99656 0.01715 1.05756
-0.93531 -0.07483 0.3458 5.43095 0.33552 0.1226 0.934 0.93741 -0.11243 0.9896 -0.0895 1.1033
-0.42081 0.13401 0.89719 5.01778 0.89064 0.24877 0.38056 1.7434 -0.17225 0.95924 -0.22389 1.2065
0.35677 0.36294 0.8608 5.30806 0.86959 0.20759 -0.44796 2.59733 -0.34122 0.90842 -0.24142 1.16078
-0.18043 0.49231 0.8515 4.59485 0.97833 0.17899 0.1038 2.26159 -0.10134 0.85186 -0.51381 1.61027
0.49481 0.67575 0.54636 5.10793 0.73322 0.01274 -0.67983 2.99048 -0.46629 0.73709 -0.4891 1.44677
0.71494 0.50855 -0.47983 5.95831 -0.26096 -0.44258 -0.85788 3.03532 -0.64854 0.73862 -0.18378 1.12696
-0.82273 -0.56666 0.04457 6.27866 -0.03645 -0.02564 -0.99897 2.21843 0.56711 -0.8236 0.00044 0.87142
-0.76182 -0.63273 0.13881 5.71036 -0.09287 -0.10536 -0.99006 1.60064 0.64097 -0.76723 0.02152 1.21554
-0.43286 -0.43164 0.79139 5.14902 -0.77541 -0.26939 -0.57106 0.9254 0.45963 -0.86091 -0.21799 1.43625
-0.90409 -0.29997 0.30434 4.96412 -0.1891 -0.35776 -0.91443 1.76141 0.38306 -0.88433 0.26676 1.16422
-0.35373 -0.15002 0.92322 4.50046 -0.76277 -0.52494 -0.37756 1.02947 0.54123 -0.83781 0.07138 1.41541
0.37945 0.0487 0.92392 4.79322 -0.76294 -0.5484 0.34223 0.2145 0.52339 -0.83477 -0.17081 1.67609
0.91255 0.19337 0.36034 5.58906 -0.26233 -0.39913 0.87853 -0.17755 0.31383 -0.89622 -0.31345 1.7549
0.87664 0.1896 -0.44219 6.42101 0.47488 -0.19351 0.85848 0.09731 0.07734 -0.96255 -0.25973 1.61362
0.91475 0.13947 -0.37917 6.13104 0.40214 -0.22429 0.88765 -0.66685 0.03889 -0.96445 -0.26129 1.30879
0.50874 0.06764 -0.85825 6.51632 0.8604 -0.07374 0.5042 0.06483 -0.0291 -0.99495 -0.09582 1.0473
0.70318 0.05273 -0.70905 6.66065 0.70976 0.00657 0.70437 -0.77293 0.04191 -0.99856 -0.03289 1.14591
-0.11738 -0.22129 -0.96811 6.69874 0.99104 0.03605 -0.1284 0.0566 0.06332 -0.97455 0.21495 0.93855
-0.7551 -0.38772 -0.52866 6.05151 0.60853 -0.11452 -0.78519 0.58175 0.24381 -0.91467 0.32232 0.89688
-0.91527 -0.39591 -0.0743 5.24109 0.186 -0.25179 -0.94971 0.4876 0.35717 -0.88313 0.30406 1.02812
-0.50627 0.07715 0.8589 4.58913 -0.75497 -0.52097 -0.3982 0.00349 0.41665 -0.85006 0.32211 1.07882
0.10379 0.2556 0.96118 4.76495 -0.81389 -0.53361 0.22979 -0.73484 0.57162 -0.80613 0.1528 1.34439
0.66603 0.44258 0.6004 5.35625 -0.38666 -0.48345 0.78531 -1.15206 0.63793 -0.75516 -0.15075 1.66678
0.85403 0.49035 -0.17362 6.12602 0.33848 -0.2704 0.90126 -1.04342 0.39514 -0.82843 -0.3969 1.82571
0.36699 0.35166 -0.86117 6.60044 0.92955 -0.10403 0.35364 -0.42596 0.03488 -0.93025 -0.3652 1.71219
-0.31162 0.21589 -0.92533 6.39543 0.95005 0.05446 -0.30725 0.2994 -0.01594 -0.97484 -0.22225 1.49277
-0.00061 0.13009 -0.99147 7.05009 0.99477 0.10113 0.01265 -0.11431 0.10198 -0.98628 -0.12963 1.60225
-0.63783 -0.0514 -0.76842 6.56384 0.76736 0.04234 -0.63979 0.46511 0.06537 -0.99777 0.01227 1.43948
-0.44588 -0.02972 -0.89456 7.30012 0.88717 0.1178 -0.44611 0.36787 0.11863 -0.99256 -0.02632 1.61149
-0.94755 0.08262 -0.30865 6.71838 0.18692 -0.64008 -0.7452 0.5701 -0.25926 -0.76385 0.59098 1.16573
-0.94398 -0.04763 0.32645 6.02602 -0.18216 -0.74975 -0.63612 0.26281 0.27491 -0.66002 0.6991 1.26274
-0.54429 0.12851 0.82896 5.6715 -0.54128 -0.80874 -0.23002 -0.29721 0.64075 -0.57395 0.50987 1.63562
0.22677 0.35564 0.90666 5.8103 -0.47484 -0.7724 0.42175 -0.83944 0.85034 -0.52616 -0.00612 2.14267
0.91237 0.37918 0.15408 6.49283 -0.05389 -0.26186 0.96357 -1.16685 0.40587 -0.88742 -0.21842 2.30966
0.75514 0.41121 -0.51049 7.11265 0.58771 -0.07976 0.8051 -0.75015 0.2905 -0.90796 -0.30196 2.33295
0.16095 0.25625 -0.95308 7.33484 0.98312 0.04317 0.17762 -0.029 0.08674 -0.96558 -0.24514 2.20943
-0.63413 0.0286 -0.77266 6.98348 0.77148 -0.04282 -0.63476 0.61226 -0.05131 -0.99865 0.00494 1.9665
-0.97327 0.22738 -0.03134 6.37305 -0.13299 -0.66991 -0.73039 0.62211 -0.18724 -0.70672 0.68223 1.49269
-0.45094 0.89228 -0.02068 6.25342 -0.85041 -0.42252 0.3134 -0.10153 0.27081 0.15904 0.94938 1.25195
-0.43978 0.88672 0.14234 6.10986 -0.37775 -0.32644 0.86642 -0.47091 0.81468 0.3274 0.4786 1.89603
-0.46758 0.87066 0.15257 6.02311 -0.22102 -0.28228 0.9335 -0.28815 0.85576 0.4029 0.32449 2.60672
-0.20828 0.96236 0.17447 6.05415 0.53731 -0.03647 0.84256 -0.00987 0.81721 0.26939 -0.50944 3.29566
-0.32539 0.94418 0.05123 5.98211 -0.55379 -0.23421 0.79901 -0.70651 0.76634 0.23176 0.59912 3.06986
-0.25706 0.96423 0.06434 5.9835 0.23464 -0.00231 0.97206 -0.65087 0.93741 0.26513 -0.22559 3.77987
-0.15261 0.98774 -0.03231 6.08409 0.83636 0.1465 0.52821 -0.08745 0.52649 0.05376 -0.84844 4.18818
-0.1384 0.93946 -0.31343 6.22709 0.84422 -0.05355 -0.53326 0.58636 -0.51774 -0.33825 -0.78579 4.06279
-0.80439 0.59304 0.03516 5.65166 0.37435 0.55193 -0.7451 0.84554 -0.4614 -0.58605 -0.66601 3.77398
-0.81466 0.52381 -0.24882 6.05855 0.53794 0.5224 -0.66156 0.98267 -0.21666 -0.67268 -0.70744 4.28427
-0.71643 0.64871 0.25665 5.68469 -0.13308 0.23405 -0.96304 1.0494 -0.68494 -0.72398 -0.08136 3.7331
-0.26154 0.7971 0.54424 5.55465 -0.88498 0.02699 -0.46478 0.59371 -0.38527 -0.60306 0.69843 3.25399
0.16218 0.91587 0.36718 5.77082 -0.94149 0.03225 0.33541 0.00987 0.29532 -0.39994 0.86762 3.28586
0.33822 0.93348 -0.11909 6.14302 -0.37745 0.25049 0.89147 -0.26827 0.86205 -0.25639 0.4371 3.71788
0.05874 0.84168 -0.53673 6.37907 0.39625 0.47383 0.78639 -0.03073 0.91626 -0.2587 -0.30575 4.26177
-0.43912 0.70345 -0.55882 6.29232 0.79799 0.59114 0.11708 0.50485 0.41269 -0.39436 -0.82105 4.50689
-0.77043 0.60656 -0.19619 5.95448 0.58058 0.54049 -0.60888 0.98031 -0.26339 -0.58286 -0.76866 4.30986
-0.73282 0.66984 0.11941 5.67546 0.19326 0.37318 -0.90738 1.07091 -0.65249 -0.64172 -0.40298 3.82356
-0.46826 0.76728 0.43818 5.51085 -0.51692 0.1643 -0.8401 0.85604 -0.71671 -0.61972 0.31971 3.31314
-0.04648 0.89087 0.45185 5.58075 -0.97986 0.04723 -0.19391 0.35432 -0.19417 -0.45158 0.87082 3.06388
0.36579 0.92607 -0.09264 5.90958 -0.72622 0.34626 0.59385 -0.06759 0.58203 -0.14973 0.79922 3.21384
0.74498 0.32723 -0.5813 6.38437 -0.09863 0.91585 0.38914 0.14474 0.65986 -0.23243 0.71449 3.38073
0.78617 0.33079 -0.52202 6.26224 -0.08858 0.89626 0.43454 -0.08733 0.61174 -0.29524 0.73385 2.91724
-0.03143 0.09054 -0.99539 6.41542 0.19908 0.97648 0.08254 0.12852 0.97945 -0.19546 -0.0489 3.36948
-0.82147 -0.12716 -0.55587 6.0872 0.1232 0.9122 -0.39073 0.35372 0.5566 -0.3894 -0.73381 3.67466
-0.89843 -0.31695 0.30385 5.59489 -0.42468 0.80304 -0.41801 0.30789 -0.11172 -0.50458 -0.85606 3.62928
-0.43892 -0.15918 0.8843 5.342 -0.63727 0.74893 -0.18149 0.11255 -0.63352 -0.64315 -0.43 3.25662
0.33359 0.0624 0.94063 5.4521 -0.63557 0.75179 0.17553 -0.08768 -0.69618 -0.65632 0.29064 2.84414
0.92166 0.22803 0.31389 5.85822 -0.3512 0.83415 0.42522 -0.1745 -0.16472 -0.50202 0.84896 2.63641
0.82286 0.20106 -0.53147 6.2739 0.00278 0.93384 0.3576 -0.08568 0.56836 -0.29561 0.76778 2.78942
0.16 0.02396 -0.98681 6.39983 0.16613 0.98476 0.05084 0.10065 0.97303 -0.17199 0.1534 3.16867
-0.63546 -0.2005 -0.74563 6.1699 0.0435 0.95483 -0.29383 0.2518 0.77075 -0.21911 -0.5982 3.50362
-0.6194 -0.25 -0.74419 5.77058 0.00812 0.94582 -0.3245 0.23918 0.78488 -0.207 -0.58398 3.56308
-0.7642 -0.33297 -0.55236 5.37945 -0.11972 0.91475 -0.3858 0.21154 0.63358 -0.22867 -0.73906 3.62847
-0.92204 -0.37341 0.10184 4.99886 -0.38265 0.83994 -0.38474 0.1537 0.05792 -0.3937 -0.91737 3.5983
-0.43047 -0.25359 0.86623 4.74972 -0.63864 0.76373 -0.0938 0.01697 -0.63793 -0.59356 -0.49057 3.36226
0.41817 -0.0545 0.90672 4.83004 -0.6115 0.72122 0.32536 -0.14372 -0.67166 -0.69045 0.26846 3.03934
0.95173 0.0966 0.29126 5.14303 -0.23957 0.82702 0.50851 -0.17166 -0.19162 -0.55364 0.81036 2.88097
0.99357 0.11085 0.02239 5.44913 -0.10754 0.86476 0.49047 -0.05944 0.03517 -0.48962 0.87118 2.97742
0.62172 0.07129 -0.77996 5.69977 0.17903 0.95652 0.23015 0.06702 0.76259 -0.28261 0.58181 3.1486
0.39614 0.00348 -0.91816 5.68298 0.23772 0.96548 0.10623 0.22499 0.88694 -0.26025 0.38148 3.42539
-0.47459 -0.2361 -0.84794 5.58496 0.10497 0.94128 -0.32082 0.35589 0.87381 -0.24121 -0.42213 3.68818
-0.92852 -0.34655 -0.13317 5.30083 -0.23925 0.83284 -0.49909 0.37845 0.28367 -0.43152 -0.85629 3.77577
-0.58715 -0.30749 0.74878 5.05677 -0.66878 0.70538 -0.23477 0.2707 -0.45616 -0.6386 -0.6197 3.64909
0.03991 -0.0932 0.99484 5.05665 -0.67157 0.73469 0.09575 0.13938 -0.73988 -0.67186 -0.03307 3.38759
0.5569 0.05807 0.82853 5.24931 -0.5679 0.75453 0.32882 0.05666 -0.60601 -0.65356 0.45335 3.18943
0.98426 0.17667 0.00145 5.52619 -0.15709 0.87133 0.46482 0.04591 0.08102 -0.45761 0.88541 3.11055
0.58353 0.05171 -0.81043 5.73837 0.18006 0.96486 0.19122 0.15323 0.79197 -0.25739 0.5536 3.2653
-0.28907 -0.19256 -0.93773 5.70971 0.15035 0.95824 -0.24312 0.28016 0.94536 -0.21119 -0.24823 3.5142
-0.89262 -0.32791 -0.30933 5.46565 -0.13147 0.84572 -0.51713 0.33445 0.43102 -0.42089 -0.79813 3.64009
-0.90389 -0.22707 0.36251 5.20782 -0.39641 0.76306 -0.51044 0.28191 -0.16091 -0.60503 -0.77973 3.54306
-0.34894 -0.05838 0.93531 5.07859 -0.69924 0.68068 -0.21838 0.15306 -0.62404 -0.73014 -0.27821 3.32984
0.34288 0.1407 0.92877 5.17888 -0.71033 0.68579 0.15834 0.01092 -0.61469 -0.71392 0.33527 3.10556
0.89628 0.28915 0.33621 5.4319 -0.42578 0.77298 0.47027 -0.06265 -0.12381 -0.56452 0.81604 2.99884
0.92777 0.30412 -0.21616 5.7084 -0.15919 0.8466 0.5078 -0.01612 0.33757 -0.43657 0.8339 3.09885
0.45527 0.14044 -0.87919 5.88341 0.20631 0.94393 0.25761 0.1062 0.86618 -0.29854 0.40066 3.30395
-0.37185 -0.26655 -0.88918 5.82062 0.49252 0.75526 -0.43238 0.32923 0.78682 -0.59869 -0.14976 3.49526
-0.87548 -0.41913 -0.24046 5.53795 -0.07649 0.61155 -0.78745 0.39637 0.47697 -0.67102 -0.56761 3.60757
-0.76002 -0.27897 0.58695 5.25402 -0.64328 0.45109 -0.61857 0.2684 -0.0924 -0.84772 -0.52229 3.53469
0.0083 -0.02955 0.99951 5.1822 -0.91456 0.40386 0.01953 0.02185 -0.40435 -0.91427 -0.02351 3.33614
0.55553 0.12171 0.82252 5.38961 -0.77284 0.44042 0.4568 -0.15712 -0.30667 -0.8894 0.33891 3.18181
0.95034 0.21047 0.22918 5.70278 -0.31024 0.58433 0.74982 -0.20701 0.02401 -0.78361 0.62073 3.1185
0.85973 0.31744 -0.40009 5.98781 0.08322 0.68579 0.72297 -0.1063 0.50403 -0.65474 0.56321 3.23282
0.18738 0.11521 -0.97549 6.11864 0.55288 0.80843 0.2017 0.10578 0.81196 -0.57703 0.08767 3.41544
-0.61589 -0.10982 -0.78012 5.9687 0.43546 0.77773 -0.45326 0.32193 0.65646 -0.61881 -0.43134 3.57834
-0.99487 -0.01721 -0.09953 5.68314 0.07958 0.47353 -0.87713 0.41801 0.06209 -0.88053 -0.46984 3.54234
-0.73971 0.05117 0.67095 5.45156 -0.63638 0.27072 -0.72226 0.2933 -0.21877 -0.96123 -0.16768 3.41184
-0.00038 0.23038 0.97308 5.42599 -0.9899 0.13762 -0.03298 0.03875 -0.14162 -0.96324 0.22813 3.28766
0.71659 0.42659 0.5518 5.61484 -0.68476 0.27995 0.67281 -0.14829 0.13256 -0.85991 0.49287 3.23697
0.87167 0.48048 -0.09643 5.87492 -0.1406 0.43369 0.88999 -0.14822 0.46956 -0.76212 0.44567 3.30589
0.24202 0.4209 -0.87421 6.02477 0.59127 0.65037 0.47682 -0.02348 0.76936 -0.63217 -0.09153 3.43191
-0.544 0.20136 -0.81455 5.93072 0.66175 0.69978 -0.26896 0.22703 0.51584 -0.68524 -0.51408 3.54417
-0.97083 0.10412 -0.21588 5.69522 0.23772 0.53304 -0.81197 0.35145 0.03041 -0.83954 -0.54238 3.50732
-0.94575 0.01847 0.3243 5.46421 -0.29009 0.40121 -0.86881 0.27225 -0.14634 -0.91571 -0.37415 3.38871
-0.7505 0.08535 -0.65531 5.59645 0.61161 0.46527 -0.63985 0.47288 0.25025 -0.88094 -0.40156 3.50174
-0.96134 -0.05781 -0.26919 5.31855 0.2235 0.40706 -0.8856 0.49795 0.16065 -0.91149 -0.37856 3.45146
-0.7546 -0.17912 0.63123 5.0603 -0.65609 0.19346 -0.72943 0.39008 0.00834 -0.96458 -0.2635 3.39268
-0.6693 -0.15232 0.72719 5.01417 -0.7428 0.15785 -0.65061 0.13426 -0.01588 -0.97561 -0.21877 3.29576
0.78372 0.32086 0.53179 5.00588 0.61878 -0.47701 -0.62412 -0.11358 0.0536 0.81819 -0.57239 3.1513
0.92846 0.37004 -0.03153 5.2882 0.20969 -0.59242 -0.77784 -0.13049 -0.30634 0.71557 -0.62773 3.10091
0.62396 -0.40561 -0.66791 5.47358 -0.64127 -0.7542 -0.14106 -0.33078 -0.44652 0.51618 -0.73084 3.09195
-0.06489 -0.63337 -0.77109 5.44488 -0.50156 -0.6473 0.5739 -0.53483 -0.86272 0.42383 -0.27573 2.90934
-0.55361 -0.76704 -0.32422 5.27126 0.12119 -0.45938 0.8799 -0.56553 -0.82395 0.44766 0.34733 2.73119
-0.54108 -0.78993 0.28843 5.08277 0.73711 -0.2804 0.61481 -0.41925 -0.40479 0.54512 0.73412 2.65836
0.59289 0.80525 -0.00268 5.00057 -0.37034 0.2756 0.88703 -0.19326 0.71509 -0.52477 0.46173 2.72547
0.36779 0.72733 -0.57938 5.13796 0.33577 0.47712 0.81213 -0.10649 0.86723 -0.49307 -0.06874 2.88725
-0.22824 0.55533 -0.79967 5.14585 0.78084 0.59497 0.19032 0.08633 0.58154 -0.58083 -0.56955 2.99187
-0.77392 0.39991 -0.49099 5.01665 0.62915 0.57355 -0.52454 0.26293 0.07178 -0.71474 -0.69565 2.97834
0.01236 0.20055 -0.97957 5.21355 0.93647 0.34102 0.08164 0.25762 0.35056 -0.9183 -0.18376 3.01175
-0.32877 0.07238 -0.94159 5.10269 0.85633 0.44324 -0.26491 0.3982 0.39825 -0.89337 -0.20792 3.02665
-0.94291 -0.12944 -0.30675 4.94922 0.24783 0.3424 -0.90625 0.49272 0.2222 -0.93054 -0.29095 3.02992
0.76874 -0.18226 -0.61299 4.7943 -0.54116 -0.69617 -0.47164 0.44007 -0.34072 0.69419 -0.63399 2.9609
0.07315 -0.34184 -0.93687 4.81333 -0.61344 -0.75608 0.22799 0.31944 -0.78637 0.5579 -0.26516 2.87976
-0.62268 -0.55881 -0.54766 4.72956 0.02654 -0.7146 0.69899 0.26665 -0.7821 0.42054 0.4598 2.77491
0.29858 0.23418 -0.92517 4.60338 0.25001 0.91635 0.31265 0.30021 0.92112 -0.32451 0.21494 2.76088
-0.58769 -0.03936 -0.80809 4.56098 0.35488 0.88505 -0.30117 0.37984 0.72702 -0.46369 -0.50636 2.84931
-0.94944 -0.15618 -0.27221 4.44305 0.03372 0.81159 -0.58321 0.40742 0.31187 -0.56285 -0.76544 2.86239
-0.72239 0.47717 0.5004 4.34422 -0.31652 0.41518 -0.85287 0.42542 -0.61491 -0.77439 -0.1489 2.78344
-0.01145 0.73159 0.68161 4.3397 -0.90177 0.28693 -0.32315 0.35359 -0.43211 -0.61821 0.65655 2.70305
0.47046 0.85384 0.22264 4.40055 -0.82859 0.34072 0.44417 0.27442 0.3034 -0.39326 0.86791 2.70125
0.16891 0.93358 -0.31596 4.45441 -0.1369 0.33967 0.9305 0.24123 0.97608 -0.11371 0.18524 2.78019
0.00697 0.65697 -0.75384 4.48728 0.70055 0.53472 0.47251 0.30436 0.71363 -0.53125 -0.45661 2.84306
0.03907 0.68532 -0.72715 4.51616 0.708 0.4945 0.50413 0.21994 0.70519 -0.53436 -0.46599 2.83705
-0.51949 0.53186 -0.66871 4.48948 0.81916 0.53261 -0.21272 0.29928 0.24303 -0.65817 -0.71255 2.84541
-0.22578 0.27483 -0.93456 4.5621 0.84913 0.52571 -0.05051 0.27653 0.47752 -0.80491 -0.35225 2.84219
-0.93228 0.07923 -0.35283 4.51448 0.35571 0.37695 -0.85517 0.32221 0.06513 -0.92277 -0.37979 2.83814
-0.75301 0.09517 -0.65103 4.53145 -0.10546 0.95919 0.26223 0.31719 0.64932 0.26627 -0.71237 2.90044
0.4674 -0.45047 -0.76062 4.48089 0.22212 -0.77293 0.59428 0.34101 -0.85556 -0.44691 -0.26129 2.90406
-0.24448 -0.6355 -0.73232 4.46796 0.7151 -0.6282 0.30647 0.36479 -0.6548 -0.44897 0.60798 2.85547
-0.26374 -0.67596 -0.68807 4.42663 0.75624 -0.58768 0.28752 0.40026 -0.59871 -0.44473 0.66614 2.84742
-0.50274 -0.7733 -0.38623 4.38597 0.84878 -0.52622 -0.05113 0.43612 -0.16371 -0.35374 0.9209 2.84368
-0.49787 -0.86705 -0.01666 4.35196 0.79473 -0.44843 -0.40897 0.46376 0.34714 -0.21707 0.91234 2.86585
0.41003 0.79055 -0.45478 4.32542 -0.90969 0.39029 -0.14165 0.47152 0.0655 0.47201 0.87915 2.90129
0.20471 0.71198 -0.67164 4.33342 -0.8802 0.43402 0.19187 0.44486 0.42809 0.55212 0.71548 2.93244
-0.09282 0.6331 -0.76843 4.32701 -0.7629 0.45066 0.4635 0.42773 0.63969 0.62946 0.4411 2.96733
1.000000e+00 -1.822835e-10 5.241111e-10 -5.551115e-17 -1.822835e-10 9.999999e-01 -5.072855e-10 -3.330669e-16 5.241111e-10 -5.072855e-10 9.999999e-01 2.220446e-16
1.000000e+00 -1.822835e-10 5.241111e-10 -5.551115e-17 -1.822835e-10 9.999999e-01 -5.072855e-10 -3.330669e-16 5.241111e-10 -5.072855e-10 9.999999e-01 2.220446e-16
1.000000e+00 -1.822835e-10 5.241111e-10 -5.551115e-17 -1.822835e-10 9.999999e-01 -5.072855e-10 -3.330669e-16 5.241111e-10 -5.072855e-10 9.999999e-01 2.220446e-16
1.000000e+00 -1.822835e-10 5.241111e-10 -5.551115e-17 -1.822835e-10 9.999999e-01 -5.072855e-10 -3.330669e-16 5.241111e-10 -5.072855e-10 9.999999e-01 2.220446e-16
